965
125440
5304
7025
85881
1001
655360
368640
33696
10240
4752
204120
33600
79
216
103680
70400
84240
270000
19440
2707
10500
524288
949106497
301056
448
19656
3000
65536
82268566
19800
34300
244944
163840
62208
74088
54880
245760
4800
118800
23232
21504
8748
164640
5044
35
587234
35640
3600
2403381
169344
52488
2025
2688
20480
85
510205
322560
27720
16320
40
139968
388800
47
111
7056
11664
75600
1
36
16000
73728
142884
4560
12800
324000
145800
3072
7389
460800
3645
1100
75264
4539685
2
92160
33401221
47040
52
472392
202500
971866761
114688
11264
17
226151256
21
131220
9900
3780
112896
79200
3375
957262828
126720
12150
900360029
60
16380
78000
76032
32076
8
6399199
589824
8250
18432
153600
67
3510
2618049
6552
16
131
20160
15390
73
5200
5760
28512
5280
180000
94080
32000
176400
13680
81648
123480
8320
336000
23115571
2430
128000
536870912
72900
2097152
97200
7390
115248
75
8424
136080
2600
59136
1890
41580
331776
105840
552960
104
9240
194400
3456
13440
157464
816
8372259
51030
3960
42120
38
8100
6037
70200
3264
964532929
37440
5120
64800
38400
24576
99
101
21600
61440
113
19008
94770
8316
1817
9408
107
7040
1632
6930
9800
230400
71280
999999999
31752
67200
65
61740
725573
8640
5
900
90
1000000000
32640
2906162
93
13824
1824
233280
99840
640
119
110592
40320
84579
32256
2736
11340
1001604
81
106
29400
2250
5016
504
45000
41600
5297
147456
33792
393660
7
361
118272
3168
108864
934
524880
125
4320
127
1680
257
38497
15876
391
150000
4000
180
405
4158
11085765
3371
48238
211680
2352
1512
192000
43740
31104
52920
98304
782
226800
13122
54000
805306368
168000
98415
40950
161280
9600
25
3157819
1215
58800
28672
160
112
5625
48384
699840
72000
115
810
2200
1848
9
20000
3528
6075
126
83160
46
17280
60480
1701
3312
22464
50688
926315427
583200
567
32768
17136
7455307
12000
70560
697106497
50544
243000
49
2940
314928
5040
7296
4675
64
46080
46464
6541551
468
33
25002
621008
17550
129024
35100
79548
2431
405000
300
120000
786432
14
64680
150528
24000
24696
57
1323
98
792
32805
59
396
92317161
2400
8624
7560
86400
10260
129
1728
4620
7785
43680
18816
70235461
6300
22500
12870
170100
5400
1500
39936
36283838
430080
1134
28000
2376
1386
7920
476014
94
54432
182250
6
135
181440
768
696
630
4032
64152
42768
4312
80949857
15120
110250
1260
95040
55296
170
10752
16200
109
14400
276480
142560
5767201
44
128
5721
2268
5824
192
145152
69
88
4704
55
904152917
67893369
2160
9450
6765
68040
57600
10
306180
8826131
986129769
95
291600
15400
134400
4
311040
68
6720
138240
473
10080
66528
432000
74880
127008
67584
10710
86016
23040
17424
57624
193
131980
672
56700
4160
34020
96000
44928
7776
104976
16800
938017885
21383
58
3509575
559
35280
42755209
35503
63360
4410
184320
209952
105600
4725
546
1530
62
117
2592
33750
486000
71805
362
999999937
116
172032
20328
179200
13
64512
6840
1048576
14560
281
459270
80640
60000
375000
11232
8087519
1440
69984
2560
248832
48510
216000
56448
688978813
5000
1836
3360
29160
22176
122
84000
69888
96
28080
13860
5601
954158175
12768
115200
89600
1056
3564
8772
20
100696425
23100
96768
50000
7938
84
83
8660
15750
224
2720
3240
12544
132300
174960
78
4655
19200
14700
10000
66150
9425
665
517759
99000
9504
120
22848
8960
13500
6000
37800
102060
22950
1741
58320
25600
200000
48
24750
9100
54
8064
23760
10368
31
300000
45360
20736
29120
360000
201600
64922375
1620
241920
44550
53
787320
77760
163296
34848
457481
59400
70000
1800
969
112000
63000
813
80
2520
84480
395
1000000
518400
646
4200
45
482421315
6400
641
420
54600
21870
217728
36864
7897861
28
3900
11016
215040
14040
2304
78750
96228
362880
29250
42336
135000
15
256000
30
38016
32400
122877509
322081025
5346
16524
91
23400
653477439
981028563
38880
118263990
1615
3864
37
6750
34111
633
76
16464
48000
90720
40824
2340
967669583
5250
47958485
288000
91857
576
51840
14336
27184698
323
214573
11
340200
47473
373248
43200
11000
501
10560
105000
8000
85712697
480000
2156
87
4943
14256
194241
294912
12960
21840
519
101250
29
2016
345600
625433749
442368
4733
5940
198450
5616
18000
129600
9180
71
86
66
9409159
12096
47628
49392
52416
31200
8015864
29700
81920
22
56160
89100
141120
94500
2070
4896
998506315
21384
7200
144000
1960
4914
6480
4536
133650
172800
3
7500
50400
6804
17920
155520
5808
49896
2100
18240
25920
92400
4173641
491520
221184
30240
165888
3024
5600
56
409342369
52800
349920
108000
93312
74
44800
9827
105
85050
15840
122880
57024
49152
9489
408240
1671
49920
12672
13230
7128
15680
983900459
24480
474
302400
29484
40960
49280
50
186624
14112
2310
67500
589833267
432255
441
23328
63180
17640
24300
31680
103
8976
14688
5073
18480
15288
34560
546750
16224
77
2880
622080
81000
30720
279936
26880
12288
8208
42105
88704
1904
57344
34944
116640
12348
89
69120
41472
259200
1520
268800
746803744
53760
30030
8400
864
49000
2730
110
18
994617
307200
5361
393216
24192
32
262440
43
48600
700
5184
132000
3584
25200
346742385
4050
33108
1764
2000
27456
8347
72
85536
9000
63504
240000
36960
4488
252000
4680
987
95256
1584
364500
225792
124
168960
31590
151200
15552
16128
1920
61966
21168
42
7392
51
5520
17820
2640
23
8550
7680
614400
63
108
13056
1944
5657
7290
5376
18720
32670
193536
207360
97
26
12240
70
998244353
65610
72576
27000
31500
189
3888
235200
466560
25490988
21952
916855204
162000
4480
58054077
999999998
673921
28800
21000
660
27216
34
102
20592
82944
87480
4374
107520
4788
30973
92
39600
961175759
10800
29952
123
3120
22680
42000
1008
8448
24
1600
540
281250
196608
288
912
414720
4608
53940
236250
922505446
49500
196830
1249
124416
100800
3696
121
9216
989447237
26460
118
282791
76800
