Case #1: 16 2 2 2 2 2 2 2 2 2 5 7 7 1 1 1 1 
Case #2: 8 2 2 2 3 13 17 1 1 
Case #3: -1
Case #4: -1
Case #5: 13 7 11 13 1 1 1 1 1 1 1 1 1 1 
Case #6: 20 2 2 2 2 2 2 2 2 2 2 2 2 2 2 2 2 2 5 1 1 
Case #7: 20 2 2 2 2 2 2 2 2 2 2 2 2 2 3 3 5 1 1 1 1 
Case #8: 16 2 2 2 2 2 3 3 3 3 13 1 1 1 1 1 1 
Case #9: 26 2 2 2 2 2 2 2 2 2 2 2 5 1 1 1 1 1 1 1 1 1 1 1 1 1 1 
Case #10: 21 2 2 2 2 3 3 3 11 1 1 1 1 1 1 1 1 1 1 1 1 1 
Case #11: 16 2 2 2 3 3 3 3 3 3 5 7 1 1 1 1 1 
Case #12: 19 2 2 2 2 2 2 3 5 5 7 1 1 1 1 1 1 1 1 1 
Case #13: -1
Case #14: 32 2 2 2 3 3 3 1 1 1 1 1 1 1 1 1 1 1 1 1 1 1 1 1 1 1 1 1 1 1 1 1 1 
Case #15: 21 2 2 2 2 2 2 2 2 3 3 3 3 5 1 1 1 1 1 1 1 1 
Case #16: 15 2 2 2 2 2 2 2 2 5 5 11 1 1 1 1 
Case #17: 13 2 2 2 2 3 3 3 3 5 13 1 1 1 
Case #18: 15 2 2 2 2 3 3 3 5 5 5 5 1 1 1 1 
Case #19: 23 2 2 2 2 3 3 3 3 3 5 1 1 1 1 1 1 1 1 1 1 1 1 1 
Case #20: -1
Case #21: 19 2 2 3 5 5 5 7 1 1 1 1 1 1 1 1 1 1 1 1 
Case #22: 22 2 2 2 2 2 2 2 2 2 2 2 2 2 2 2 2 2 2 2 1 1 1 
Case #23: -1
Case #24: 16 2 2 2 2 2 2 2 2 2 2 2 3 7 7 1 1 
Case #25: 29 2 2 2 2 2 2 7 1 1 1 1 1 1 1 1 1 1 1 1 1 1 1 1 1 1 1 1 1 1 
Case #26: 14 2 2 2 3 3 3 7 13 1 1 1 1 1 1 
Case #27: 24 2 2 2 3 5 5 5 1 1 1 1 1 1 1 1 1 1 1 1 1 1 1 1 1 
Case #28: 25 2 2 2 2 2 2 2 2 2 2 2 2 2 2 2 2 1 1 1 1 1 1 1 1 1 
Case #29: -1
Case #30: 16 2 2 2 3 3 5 5 11 1 1 1 1 1 1 1 1 
Case #31: 13 2 2 5 5 7 7 7 1 1 1 1 1 1 
Case #32: 17 2 2 2 2 3 3 3 3 3 3 3 7 1 1 1 1 1 
Case #33: 22 2 2 2 2 2 2 2 2 2 2 2 2 2 2 2 5 1 1 1 1 1 1 
Case #34: 23 2 2 2 2 2 2 2 2 3 3 3 3 3 1 1 1 1 1 1 1 1 1 1 
Case #35: 14 2 2 2 3 3 3 7 7 7 1 1 1 1 1 
Case #36: 14 2 2 2 2 2 5 7 7 7 1 1 1 1 1 
Case #37: 21 2 2 2 2 2 2 2 2 2 2 2 2 2 2 3 5 1 1 1 1 1 
Case #38: 25 2 2 2 2 2 2 3 5 5 1 1 1 1 1 1 1 1 1 1 1 1 1 1 1 1 
Case #39: 13 2 2 2 2 3 3 3 5 5 11 1 1 1 
Case #40: 13 2 2 2 2 2 2 3 11 11 1 1 1 1 
Case #41: 23 2 2 2 2 2 2 2 2 2 2 3 7 1 1 1 1 1 1 1 1 1 1 1 
Case #42: 25 2 2 3 3 3 3 3 3 3 1 1 1 1 1 1 1 1 1 1 1 1 1 1 1 1 
Case #43: 12 2 2 2 2 2 3 5 7 7 7 1 1 
Case #44: -1
Case #45: 31 5 7 1 1 1 1 1 1 1 1 1 1 1 1 1 1 1 1 1 1 1 1 1 1 1 1 1 1 1 1 1 
Case #46: -1
Case #47: 16 2 2 2 3 3 3 3 5 11 1 1 1 1 1 1 1 
Case #48: 25 2 2 2 2 3 3 5 5 1 1 1 1 1 1 1 1 1 1 1 1 1 1 1 1 1 
Case #49: -1
Case #50: 16 2 2 2 2 2 2 2 3 3 3 7 7 1 1 1 1 
Case #51: 22 2 2 2 3 3 3 3 3 3 3 3 1 1 1 1 1 1 1 1 1 1 1 
Case #52: 25 3 3 3 3 5 5 1 1 1 1 1 1 1 1 1 1 1 1 1 1 1 1 1 1 1 
Case #53: 26 2 2 2 2 2 2 2 3 7 1 1 1 1 1 1 1 1 1 1 1 1 1 1 1 1 1 
Case #54: 25 2 2 2 2 2 2 2 2 2 2 2 2 5 1 1 1 1 1 1 1 1 1 1 1 1 
Case #55: 21 5 17 1 1 1 1 1 1 1 1 1 1 1 1 1 1 1 1 1 1 1 
Case #56: -1
Case #57: 17 2 2 2 2 2 2 2 2 2 2 3 3 5 7 1 1 1 
Case #58: 14 2 2 2 3 3 5 7 11 1 1 1 1 1 1 
Case #59: 13 2 2 2 2 2 2 3 5 17 1 1 1 1 
Case #60: 34 2 2 2 5 1 1 1 1 1 1 1 1 1 1 1 1 1 1 1 1 1 1 1 1 1 1 1 1 1 1 1 1 1 1 
Case #61: 21 2 2 2 2 2 2 3 3 3 3 3 3 3 1 1 1 1 1 1 1 1 
Case #62: 17 2 2 2 2 2 2 3 3 3 3 3 5 5 1 1 1 1 
Case #63: -1
Case #64: 3 3 37 1 
Case #65: 21 2 2 2 2 3 3 7 7 1 1 1 1 1 1 1 1 1 1 1 1 1 
Case #66: 25 2 2 2 2 3 3 3 3 3 3 1 1 1 1 1 1 1 1 1 1 1 1 1 1 1 
Case #67: 17 2 2 2 2 3 3 3 5 5 7 1 1 1 1 1 1 1 
Case #68: 41 1 1 1 1 1 1 1 1 1 1 1 1 1 1 1 1 1 1 1 1 1 1 1 1 1 1 1 1 1 1 1 1 1 1 1 1 1 1 1 1 1 
Case #69: 35 2 2 3 3 1 1 1 1 1 1 1 1 1 1 1 1 1 1 1 1 1 1 1 1 1 1 1 1 1 1 1 1 1 1 1 
Case #70: 22 2 2 2 2 2 2 2 5 5 5 1 1 1 1 1 1 1 1 1 1 1 1 
Case #71: 24 2 2 2 2 2 2 2 2 2 2 2 2 2 3 3 1 1 1 1 1 1 1 1 1 
Case #72: 15 2 2 3 3 3 3 3 3 7 7 1 1 1 1 1 
Case #73: 13 2 2 2 2 3 5 19 1 1 1 1 1 1 
Case #74: 24 2 2 2 2 2 2 2 2 2 5 5 1 1 1 1 1 1 1 1 1 1 1 1 1 
Case #75: 16 2 2 2 2 2 3 3 3 3 5 5 5 1 1 1 1 
Case #76: 18 2 2 2 3 3 3 3 3 3 5 5 1 1 1 1 1 1 1 
Case #77: 29 2 2 2 2 2 2 2 2 2 2 3 1 1 1 1 1 1 1 1 1 1 1 1 1 1 1 1 1 1 
Case #78: -1
Case #79: 18 2 2 2 2 2 2 2 2 2 2 2 3 3 5 5 1 1 1 
Case #80: 25 3 3 3 3 3 3 5 1 1 1 1 1 1 1 1 1 1 1 1 1 1 1 1 1 1 
Case #81: 21 2 2 5 5 11 1 1 1 1 1 1 1 1 1 1 1 1 1 1 1 1 
Case #82: 18 2 2 2 2 2 2 2 2 2 3 7 7 1 1 1 1 1 1 
Case #83: -1
Case #84: 40 2 1 1 1 1 1 1 1 1 1 1 1 1 1 1 1 1 1 1 1 1 1 1 1 1 1 1 1 1 1 1 1 1 1 1 1 1 1 1 1 
Case #85: 22 2 2 2 2 2 2 2 2 2 2 2 3 3 5 1 1 1 1 1 1 1 1 
Case #86: -1
Case #87: 17 2 2 2 2 2 2 3 5 7 7 1 1 1 1 1 1 1 
Case #88: 27 2 2 13 1 1 1 1 1 1 1 1 1 1 1 1 1 1 1 1 1 1 1 1 1 1 1 1 
Case #89: 18 2 2 2 3 3 3 3 3 3 3 3 3 3 1 1 1 1 1 
Case #90: 15 2 2 3 3 3 3 5 5 5 5 1 1 1 1 1 
Case #91: -1
Case #92: 21 2 2 2 2 2 2 2 2 2 2 2 2 2 2 7 1 1 1 1 1 1 
Case #93: 21 2 2 2 2 2 2 2 2 2 2 11 1 1 1 1 1 1 1 1 1 1 
Case #94: 25 17 1 1 1 1 1 1 1 1 1 1 1 1 1 1 1 1 1 1 1 1 1 1 1 1 
Case #95: -1
Case #96: 33 3 7 1 1 1 1 1 1 1 1 1 1 1 1 1 1 1 1 1 1 1 1 1 1 1 1 1 1 1 1 1 1 1 
Case #97: 19 2 2 3 3 3 3 3 3 3 3 5 1 1 1 1 1 1 1 1 
Case #98: 17 2 2 3 3 5 5 11 1 1 1 1 1 1 1 1 1 1 
Case #99: 23 2 2 3 3 3 5 7 1 1 1 1 1 1 1 1 1 1 1 1 1 1 1 1 
Case #100: 17 2 2 2 2 2 2 2 2 3 3 7 7 1 1 1 1 1 
Case #101: 14 2 2 2 2 2 3 3 5 5 11 1 1 1 1 
Case #102: 23 3 3 3 5 5 5 1 1 1 1 1 1 1 1 1 1 1 1 1 1 1 1 1 
Case #103: -1
Case #104: 15 2 2 2 2 2 2 2 2 3 3 5 11 1 1 1 
Case #105: 22 2 3 3 3 3 3 5 5 1 1 1 1 1 1 1 1 1 1 1 1 1 1 
Case #106: -1
Case #107: 33 2 2 3 5 1 1 1 1 1 1 1 1 1 1 1 1 1 1 1 1 1 1 1 1 1 1 1 1 1 1 1 1 1 
Case #108: 13 2 2 3 3 5 7 13 1 1 1 1 1 1 
Case #109: 11 2 2 2 2 3 5 5 5 13 1 1 
Case #110: 17 2 2 2 2 2 2 2 2 3 3 3 11 1 1 1 1 1 
Case #111: 17 2 2 3 3 3 3 3 3 11 1 1 1 1 1 1 1 1 
Case #112: 38 2 2 2 1 1 1 1 1 1 1 1 1 1 1 1 1 1 1 1 1 1 1 1 1 1 1 1 1 1 1 1 1 1 1 1 1 1 1 
Case #113: -1
Case #114: 21 2 2 2 2 2 2 2 2 2 2 2 2 2 2 2 2 3 3 1 1 1 
Case #115: 16 2 3 5 5 5 11 1 1 1 1 1 1 1 1 1 1 
Case #116: 26 2 2 2 2 2 2 2 2 2 2 2 3 3 1 1 1 1 1 1 1 1 1 1 1 1 1 
Case #117: 20 2 2 2 2 2 2 2 2 2 2 2 3 5 5 1 1 1 1 1 1 
Case #118: -1
Case #119: 18 2 3 3 3 5 13 1 1 1 1 1 1 1 1 1 1 1 1 
Case #120: -1
Case #121: 16 2 2 2 3 3 7 13 1 1 1 1 1 1 1 1 1 
Case #122: 37 2 2 2 2 1 1 1 1 1 1 1 1 1 1 1 1 1 1 1 1 1 1 1 1 1 1 1 1 1 1 1 1 1 1 1 1 1 
Case #123: -1
Case #124: 21 2 2 2 2 2 2 3 3 5 7 1 1 1 1 1 1 1 1 1 1 1 
Case #125: 10 2 3 3 3 3 5 19 1 1 1 
Case #126: -1
Case #127: 17 2 2 2 2 5 5 13 1 1 1 1 1 1 1 1 1 1 
Case #128: 26 2 2 2 2 2 2 2 3 3 5 1 1 1 1 1 1 1 1 1 1 1 1 1 1 1 1 
Case #129: 18 2 2 2 2 2 3 3 3 3 11 1 1 1 1 1 1 1 1 
Case #130: 20 2 2 2 2 2 3 5 11 1 1 1 1 1 1 1 1 1 1 1 1 
Case #131: 16 2 2 2 2 2 3 3 5 5 5 5 1 1 1 1 1 
Case #132: 16 2 2 2 2 2 2 2 3 5 7 7 1 1 1 1 1 
Case #133: 21 2 2 2 2 2 2 2 2 5 5 5 1 1 1 1 1 1 1 1 1 1 
Case #134: 13 2 2 2 2 3 3 5 5 7 7 1 1 1 
Case #135: 11 2 2 2 2 3 3 5 19 1 1 1 
Case #136: 19 2 2 2 2 3 3 3 3 3 3 7 1 1 1 1 1 1 1 1 
Case #137: 12 2 2 2 3 3 5 7 7 7 1 1 1 
Case #138: 18 2 2 2 2 2 2 2 5 13 1 1 1 1 1 1 1 1 1 
Case #139: 14 2 2 2 2 2 2 2 3 5 5 5 7 1 1 
Case #140: -1
Case #141: 26 2 3 3 3 3 3 5 1 1 1 1 1 1 1 1 1 1 1 1 1 1 1 1 1 1 1 
Case #142: 19 2 2 2 2 2 2 2 2 2 2 5 5 5 1 1 1 1 1 1 
Case #143: -1
Case #144: 19 2 2 3 3 3 3 3 3 5 5 1 1 1 1 1 1 1 1 1 
Case #145: -1
Case #146: 19 2 2 2 2 3 3 3 3 3 5 5 1 1 1 1 1 1 1 1 
Case #147: -1
Case #148: 11 2 2 2 2 3 7 7 7 7 1 1 
Case #149: 31 3 5 5 1 1 1 1 1 1 1 1 1 1 1 1 1 1 1 1 1 1 1 1 1 1 1 1 1 1 1 1 
Case #150: 18 2 2 2 3 3 3 3 13 1 1 1 1 1 1 1 1 1 1 
Case #151: 17 2 2 2 2 3 3 3 3 3 5 7 1 1 1 1 1 1 
Case #152: 18 2 2 2 5 5 13 1 1 1 1 1 1 1 1 1 1 1 1 
Case #153: 15 2 2 2 2 2 2 2 2 3 7 11 1 1 1 1 
Case #154: 24 2 3 3 3 5 7 1 1 1 1 1 1 1 1 1 1 1 1 1 1 1 1 1 1 
Case #155: 13 2 2 3 3 3 5 7 11 1 1 1 1 1 
Case #156: 21 2 2 2 2 2 2 2 2 2 2 2 2 3 3 3 3 1 1 1 1 1 
Case #157: 15 2 2 2 2 3 3 3 5 7 7 1 1 1 1 1 
Case #158: 19 2 2 2 2 2 2 2 2 2 2 2 2 3 3 3 5 1 1 1 
Case #159: 26 2 2 2 13 1 1 1 1 1 1 1 1 1 1 1 1 1 1 1 1 1 1 1 1 1 1 
Case #160: 16 2 2 2 3 5 7 11 1 1 1 1 1 1 1 1 1 
Case #161: 18 2 2 2 2 2 3 3 3 3 3 5 5 1 1 1 1 1 1 
Case #162: 28 2 2 2 2 2 2 2 3 3 3 1 1 1 1 1 1 1 1 1 1 1 1 1 1 1 1 1 1 
Case #163: 22 2 2 2 2 2 2 2 3 5 7 1 1 1 1 1 1 1 1 1 1 1 1 
Case #164: 20 2 2 2 3 3 3 3 3 3 3 3 3 1 1 1 1 1 1 1 1 
Case #165: 19 2 2 2 2 3 17 1 1 1 1 1 1 1 1 1 1 1 1 1 
Case #166: -1
Case #167: 18 2 3 3 3 3 3 3 5 7 1 1 1 1 1 1 1 1 1 
Case #168: 20 2 2 2 3 3 5 11 1 1 1 1 1 1 1 1 1 1 1 1 1 
Case #169: 14 2 2 2 3 3 3 3 5 13 1 1 1 1 1 
Case #170: 22 2 19 1 1 1 1 1 1 1 1 1 1 1 1 1 1 1 1 1 1 1 1 
Case #171: 23 2 2 3 3 3 3 5 5 1 1 1 1 1 1 1 1 1 1 1 1 1 1 1 
Case #172: -1
Case #173: 12 2 2 2 3 3 3 5 5 13 1 1 1 
Case #174: 17 2 2 2 2 2 2 3 17 1 1 1 1 1 1 1 1 1 
Case #175: -1
Case #176: 15 2 2 2 2 2 2 3 3 5 13 1 1 1 1 1 
Case #177: 27 2 2 2 2 2 2 2 2 2 2 5 1 1 1 1 1 1 1 1 1 1 1 1 1 1 1 1 
Case #178: 20 2 2 2 2 2 3 3 3 3 5 5 1 1 1 1 1 1 1 1 1 
Case #179: 22 2 2 2 2 2 2 2 2 2 3 5 5 1 1 1 1 1 1 1 1 1 1 
Case #180: 26 2 2 2 2 2 2 2 2 2 2 2 2 2 3 1 1 1 1 1 1 1 1 1 1 1 1 
Case #181: 27 3 3 11 1 1 1 1 1 1 1 1 1 1 1 1 1 1 1 1 1 1 1 1 1 1 1 1 
Case #182: -1
Case #183: 22 2 2 2 2 2 3 3 3 5 5 1 1 1 1 1 1 1 1 1 1 1 1 
Case #184: 23 2 2 2 2 2 2 2 2 2 2 2 2 3 5 1 1 1 1 1 1 1 1 1 
Case #185: -1
Case #186: 19 2 2 2 2 2 2 3 3 3 11 1 1 1 1 1 1 1 1 1 
Case #187: 12 2 3 3 3 3 3 3 5 13 1 1 1 
Case #188: 17 2 2 3 3 3 7 11 1 1 1 1 1 1 1 1 1 1 
Case #189: -1
Case #190: 21 2 2 2 2 2 2 3 7 7 1 1 1 1 1 1 1 1 1 1 1 1 
Case #191: -1
Case #192: 20 2 2 2 2 2 2 2 5 11 1 1 1 1 1 1 1 1 1 1 1 
Case #193: 18 2 2 2 2 2 3 17 1 1 1 1 1 1 1 1 1 1 1 
Case #194: 16 2 3 3 5 7 11 1 1 1 1 1 1 1 1 1 1 
Case #195: 18 2 2 2 5 5 7 7 1 1 1 1 1 1 1 1 1 1 1 
Case #196: 19 2 2 2 2 2 2 2 2 2 2 3 3 5 5 1 1 1 1 1 
Case #197: 15 2 2 2 2 3 3 3 3 5 11 1 1 1 1 1 
Case #198: -1
Case #199: 18 2 2 2 3 3 3 3 7 7 1 1 1 1 1 1 1 1 1 
Case #200: 18 2 2 2 2 2 2 2 3 5 5 7 1 1 1 1 1 1 1 
Case #201: 25 5 13 1 1 1 1 1 1 1 1 1 1 1 1 1 1 1 1 1 1 1 1 1 1 1 
Case #202: 13 2 2 3 3 5 7 7 7 1 1 1 1 1 
Case #203: -1
Case #204: 25 2 2 2 2 2 2 3 3 3 5 1 1 1 1 1 1 1 1 1 1 1 1 1 1 1 
Case #205: 37 5 1 1 1 1 1 1 1 1 1 1 1 1 1 1 1 1 1 1 1 1 1 1 1 1 1 1 1 1 1 1 1 1 1 1 1 1 
Case #206: 27 2 2 3 3 5 5 1 1 1 1 1 1 1 1 1 1 1 1 1 1 1 1 1 1 1 1 1 
Case #207: 32 2 3 3 5 1 1 1 1 1 1 1 1 1 1 1 1 1 1 1 1 1 1 1 1 1 1 1 1 1 1 1 1 
Case #208: -1
Case #209: 12 2 2 2 2 2 2 2 3 5 17 1 1 
Case #210: -1
Case #211: 9 3 31 1 1 1 1 1 1 1 
Case #212: 26 2 2 2 2 2 2 2 2 2 3 3 3 1 1 1 1 1 1 1 1 1 1 1 1 1 1 
Case #213: 16 2 2 2 2 2 3 19 1 1 1 1 1 1 1 1 1 
Case #214: 19 2 2 2 2 2 2 3 3 3 3 3 3 5 1 1 1 1 1 1 
Case #215: 14 2 2 2 2 2 2 2 2 2 3 5 13 1 1 
Case #216: 30 2 2 2 2 2 2 2 5 1 1 1 1 1 1 1 1 1 1 1 1 1 1 1 1 1 1 1 1 1 1 
Case #217: 19 7 17 1 1 1 1 1 1 1 1 1 1 1 1 1 1 1 1 1 
Case #218: 23 2 2 2 2 2 2 2 2 2 2 2 2 3 3 3 1 1 1 1 1 1 1 1 
Case #219: 20 2 2 2 2 2 2 2 3 3 5 7 1 1 1 1 1 1 1 1 1 
Case #220: -1
Case #221: 22 2 2 2 2 2 2 2 2 2 3 3 7 1 1 1 1 1 1 1 1 1 1 
Case #222: 15 2 2 2 2 3 3 19 1 1 1 1 1 1 1 1 
Case #223: 21 2 2 3 3 3 3 5 7 1 1 1 1 1 1 1 1 1 1 1 1 1 
Case #224: -1
Case #225: 33 3 3 3 3 1 1 1 1 1 1 1 1 1 1 1 1 1 1 1 1 1 1 1 1 1 1 1 1 1 1 1 1 1 
Case #226: -1
Case #227: 16 2 2 2 3 5 5 7 7 1 1 1 1 1 1 1 1 
Case #228: 24 2 3 3 5 5 5 1 1 1 1 1 1 1 1 1 1 1 1 1 1 1 1 1 1 
Case #229: 8 2 2 2 3 11 19 1 1 
Case #230: 28 2 2 2 3 3 7 1 1 1 1 1 1 1 1 1 1 1 1 1 1 1 1 1 1 1 1 1 1 
Case #231: 18 2 2 2 3 3 5 5 5 5 1 1 1 1 1 1 1 1 1 
Case #232: 14 2 2 2 2 2 2 2 5 5 13 1 1 1 1 
Case #233: -1
Case #234: 23 2 2 2 2 2 2 2 2 2 2 2 2 2 2 3 3 1 1 1 1 1 1 1 
Case #235: 19 2 2 2 2 2 2 2 2 2 2 3 11 1 1 1 1 1 1 1 
Case #236: 17 2 2 3 3 3 3 3 3 3 3 3 5 1 1 1 1 1 
Case #237: 35 7 1 1 1 1 1 1 1 1 1 1 1 1 1 1 1 1 1 1 1 1 1 1 1 1 1 1 1 1 1 1 1 1 1 1 
Case #238: 5 19 19 1 1 1 
Case #239: 14 2 2 2 2 2 2 2 2 2 3 7 11 1 1 
Case #240: 22 2 2 2 2 2 3 3 11 1 1 1 1 1 1 1 1 1 1 1 1 1 1 
Case #241: 19 2 2 2 2 2 2 3 3 3 3 3 7 1 1 1 1 1 1 1 
Case #242: -1
Case #243: 17 2 2 2 2 3 3 3 3 3 3 3 3 5 1 1 1 1 
Case #244: 29 5 5 5 1 1 1 1 1 1 1 1 1 1 1 1 1 1 1 1 1 1 1 1 1 1 1 1 1 1 
Case #245: 26 2 2 2 2 2 3 3 3 5 1 1 1 1 1 1 1 1 1 1 1 1 1 1 1 1 1 
Case #246: -1
Case #247: 25 2 2 2 2 3 5 7 1 1 1 1 1 1 1 1 1 1 1 1 1 1 1 1 1 1 
Case #248: -1
Case #249: -1
Case #250: 19 2 2 3 3 3 3 7 7 1 1 1 1 1 1 1 1 1 1 1 
Case #251: 3 17 23 1 
Case #252: 15 2 2 2 2 3 5 5 5 5 5 1 1 1 1 1 
Case #253: 24 2 2 2 2 2 5 5 5 1 1 1 1 1 1 1 1 1 1 1 1 1 1 1 1 
Case #254: 31 2 2 3 3 5 1 1 1 1 1 1 1 1 1 1 1 1 1 1 1 1 1 1 1 1 1 1 1 1 1 1 
Case #255: 29 3 3 3 3 5 1 1 1 1 1 1 1 1 1 1 1 1 1 1 1 1 1 1 1 1 1 1 1 1 
Case #256: 18 2 3 3 3 7 11 1 1 1 1 1 1 1 1 1 1 1 1 
Case #257: -1
Case #258: -1
Case #259: -1
Case #260: 14 2 2 2 2 2 3 3 3 5 7 7 1 1 1 
Case #261: 23 2 2 2 2 3 7 7 1 1 1 1 1 1 1 1 1 1 1 1 1 1 1 1 
Case #262: 26 2 2 2 3 3 3 7 1 1 1 1 1 1 1 1 1 1 1 1 1 1 1 1 1 1 1 
Case #263: 18 2 2 2 2 2 2 2 2 2 3 5 5 5 1 1 1 1 1 
Case #264: 21 2 2 3 3 3 3 3 3 3 5 1 1 1 1 1 1 1 1 1 1 1 
Case #265: 24 2 2 2 2 2 2 2 3 3 3 3 3 1 1 1 1 1 1 1 1 1 1 1 1 
Case #266: 16 2 2 2 3 3 3 5 7 7 1 1 1 1 1 1 1 
Case #267: 24 2 2 2 2 2 2 2 2 2 2 2 2 2 2 2 3 1 1 1 1 1 1 1 1 
Case #268: -1
Case #269: 15 2 2 2 2 3 3 3 3 5 5 7 1 1 1 1 
Case #270: 24 2 3 3 3 3 3 3 3 3 1 1 1 1 1 1 1 1 1 1 1 1 1 1 1 
Case #271: 19 2 2 2 2 3 3 3 5 5 5 1 1 1 1 1 1 1 1 1 
Case #272: -1
Case #273: 15 2 2 2 2 2 2 3 5 5 5 7 1 1 1 1 
Case #274: 19 3 3 3 3 3 3 3 3 3 5 1 1 1 1 1 1 1 1 1 
Case #275: 10 2 3 3 5 5 7 13 1 1 1 
Case #276: 18 2 2 2 2 2 2 2 2 2 3 3 5 7 1 1 1 1 1 
Case #277: 24 2 2 2 2 2 2 2 3 5 5 1 1 1 1 1 1 1 1 1 1 1 1 1 1 
Case #278: 33 5 5 1 1 1 1 1 1 1 1 1 1 1 1 1 1 1 1 1 1 1 1 1 1 1 1 1 1 1 1 1 1 1 
Case #279: -1
Case #280: 27 3 3 3 3 3 5 1 1 1 1 1 1 1 1 1 1 1 1 1 1 1 1 1 1 1 1 1 
Case #281: 15 2 2 2 2 3 5 5 7 7 1 1 1 1 1 1 
Case #282: 23 2 2 2 2 2 2 2 2 2 2 2 2 7 1 1 1 1 1 1 1 1 1 1 
Case #283: 32 2 2 2 2 2 5 1 1 1 1 1 1 1 1 1 1 1 1 1 1 1 1 1 1 1 1 1 1 1 1 1 1 
Case #284: 31 2 2 2 2 7 1 1 1 1 1 1 1 1 1 1 1 1 1 1 1 1 1 1 1 1 1 1 1 1 1 1 
Case #285: 21 3 3 5 5 5 5 1 1 1 1 1 1 1 1 1 1 1 1 1 1 1 
Case #286: 21 2 2 2 2 2 2 2 2 3 3 3 7 1 1 1 1 1 1 1 1 1 
Case #287: 17 2 2 2 2 2 2 3 3 3 3 3 3 3 5 1 1 1 
Case #288: 19 2 2 2 2 2 2 3 3 5 5 5 1 1 1 1 1 1 1 1 
Case #289: 15 5 23 1 1 1 1 1 1 1 1 1 1 1 1 1 
Case #290: 28 2 3 3 3 3 5 1 1 1 1 1 1 1 1 1 1 1 1 1 1 1 1 1 1 1 1 1 1 
Case #291: 20 2 2 2 5 5 11 1 1 1 1 1 1 1 1 1 1 1 1 1 1 
Case #292: 20 2 2 2 3 7 11 1 1 1 1 1 1 1 1 1 1 1 1 1 1 
Case #293: 37 3 3 1 1 1 1 1 1 1 1 1 1 1 1 1 1 1 1 1 1 1 1 1 1 1 1 1 1 1 1 1 1 1 1 1 1 1 
Case #294: 20 2 2 2 2 2 5 5 5 5 1 1 1 1 1 1 1 1 1 1 1 
Case #295: 22 2 2 2 3 3 7 7 1 1 1 1 1 1 1 1 1 1 1 1 1 1 1 
Case #296: 23 3 3 3 3 3 5 5 1 1 1 1 1 1 1 1 1 1 1 1 1 1 1 1 
Case #297: 30 2 3 3 7 1 1 1 1 1 1 1 1 1 1 1 1 1 1 1 1 1 1 1 1 1 1 1 1 1 1 
Case #298: 12 2 2 2 3 3 3 5 7 11 1 1 1 
Case #299: 18 2 23 1 1 1 1 1 1 1 1 1 1 1 1 1 1 1 1 
Case #300: 24 2 2 2 2 2 2 2 3 3 3 5 1 1 1 1 1 1 1 1 1 1 1 1 1 
Case #301: 19 2 2 2 2 2 2 3 3 3 5 7 1 1 1 1 1 1 1 1 
Case #302: 25 3 3 3 3 3 7 1 1 1 1 1 1 1 1 1 1 1 1 1 1 1 1 1 1 1 
Case #303: 11 2 2 2 2 3 3 23 1 1 1 1 
Case #304: 17 2 2 2 2 2 2 3 3 3 13 1 1 1 1 1 1 1 
Case #305: 18 2 2 2 2 2 2 2 2 2 3 3 11 1 1 1 1 1 1 
Case #306: -1
Case #307: 16 2 2 2 2 2 3 3 3 3 3 3 5 5 1 1 1 
Case #308: 27 3 3 3 3 7 1 1 1 1 1 1 1 1 1 1 1 1 1 1 1 1 1 1 1 1 1 1 
Case #309: 26 2 2 2 2 2 2 2 2 2 2 2 2 2 2 2 1 1 1 1 1 1 1 1 1 1 1 
Case #310: 11 2 2 2 2 3 3 7 17 1 1 1 
Case #311: -1
Case #312: 22 2 2 2 2 2 3 5 5 5 1 1 1 1 1 1 1 1 1 1 1 1 1 
Case #313: 16 2 2 2 2 2 3 3 5 7 7 1 1 1 1 1 1 
Case #314: -1
Case #315: 15 2 2 2 2 3 3 3 3 3 13 1 1 1 1 1 
Case #316: 16 2 2 2 3 3 3 3 3 5 5 5 1 1 1 1 1 
Case #317: 29 7 7 1 1 1 1 1 1 1 1 1 1 1 1 1 1 1 1 1 1 1 1 1 1 1 1 1 1 1 
Case #318: 21 2 2 3 5 7 7 1 1 1 1 1 1 1 1 1 1 1 1 1 1 1 
Case #319: 19 2 2 2 2 3 3 3 3 3 3 3 3 3 1 1 1 1 1 1 
Case #320: 23 2 2 2 2 3 3 5 7 1 1 1 1 1 1 1 1 1 1 1 1 1 1 1 
Case #321: 14 2 2 2 2 2 2 2 3 19 1 1 1 1 1 
Case #322: 7 5 5 11 17 1 1 1 
Case #323: 35 2 2 2 2 2 2 1 1 1 1 1 1 1 1 1 1 1 1 1 1 1 1 1 1 1 1 1 1 1 1 1 1 1 1 1 
Case #324: 23 2 2 2 2 2 2 2 2 2 2 3 3 5 1 1 1 1 1 1 1 1 1 1 
Case #325: 12 2 2 2 2 2 2 2 3 11 11 1 1 
Case #326: -1
Case #327: 23 2 2 3 3 13 1 1 1 1 1 1 1 1 1 1 1 1 1 1 1 1 1 1 
Case #328: 29 3 11 1 1 1 1 1 1 1 1 1 1 1 1 1 1 1 1 1 1 1 1 1 1 1 1 1 1 1 
Case #329: -1
Case #330: -1
Case #331: 14 2 3 3 3 5 5 13 1 1 1 1 1 1 1 
Case #332: 20 2 2 2 2 2 2 2 2 2 2 2 3 3 7 1 1 1 1 1 1 
Case #333: 13 2 2 3 3 3 5 5 13 1 1 1 1 1 
Case #334: -1
Case #335: 3 11 13 17 
Case #336: 14 2 2 2 3 3 3 3 5 5 5 5 1 1 1 
Case #337: 29 2 2 3 5 5 1 1 1 1 1 1 1 1 1 1 1 1 1 1 1 1 1 1 1 1 1 1 1 1 
Case #338: 17 2 2 2 2 2 2 3 5 5 5 5 1 1 1 1 1 1 
Case #339: 21 2 2 2 2 2 2 2 2 2 2 2 2 2 2 2 2 2 2 3 1 1 
Case #340: 34 2 7 1 1 1 1 1 1 1 1 1 1 1 1 1 1 1 1 1 1 1 1 1 1 1 1 1 1 1 1 1 1 1 1 
Case #341: 10 2 2 2 3 5 7 7 11 1 1 
Case #342: 17 2 2 2 2 2 2 2 2 2 2 3 7 7 1 1 1 1 
Case #343: 21 2 2 2 2 2 2 3 5 5 5 1 1 1 1 1 1 1 1 1 1 1 
Case #344: 16 2 2 2 3 3 7 7 7 1 1 1 1 1 1 1 1 
Case #345: 21 3 19 1 1 1 1 1 1 1 1 1 1 1 1 1 1 1 1 1 1 1 
Case #346: 23 3 3 3 7 7 1 1 1 1 1 1 1 1 1 1 1 1 1 1 1 1 1 1 
Case #347: 28 2 7 7 1 1 1 1 1 1 1 1 1 1 1 1 1 1 1 1 1 1 1 1 1 1 1 1 1 
Case #348: 24 2 2 2 3 3 11 1 1 1 1 1 1 1 1 1 1 1 1 1 1 1 1 1 1 
Case #349: 21 3 3 3 3 3 3 3 3 5 1 1 1 1 1 1 1 1 1 1 1 1 
Case #350: -1
Case #351: 25 2 2 3 3 11 1 1 1 1 1 1 1 1 1 1 1 1 1 1 1 1 1 1 1 1 
Case #352: -1
Case #353: 26 2 2 2 2 2 3 5 5 1 1 1 1 1 1 1 1 1 1 1 1 1 1 1 1 1 1 
Case #354: 15 2 2 2 2 7 7 11 1 1 1 1 1 1 1 1 
Case #355: 22 2 2 2 3 3 3 5 7 1 1 1 1 1 1 1 1 1 1 1 1 1 1 
Case #356: 20 2 2 2 2 2 2 2 3 3 3 5 5 1 1 1 1 1 1 1 1 
Case #357: 11 2 2 3 3 3 5 19 1 1 1 1 
Case #358: -1
Case #359: 29 2 2 2 2 2 2 3 3 3 1 1 1 1 1 1 1 1 1 1 1 1 1 1 1 1 1 1 1 1 
Case #360: 17 2 2 3 5 7 11 1 1 1 1 1 1 1 1 1 1 1 
Case #361: -1
Case #362: 12 2 2 2 2 2 3 5 7 13 1 1 1 
Case #363: 20 2 2 2 2 2 2 2 3 7 7 1 1 1 1 1 1 1 1 1 1 
Case #364: -1
Case #365: 21 2 2 3 3 5 5 7 1 1 1 1 1 1 1 1 1 1 1 1 1 1 
Case #366: 19 2 2 3 3 5 5 5 5 1 1 1 1 1 1 1 1 1 1 1 
Case #367: 10 2 3 3 5 11 13 1 1 1 1 
Case #368: 15 2 2 3 3 3 3 3 5 5 7 1 1 1 1 1 
Case #369: 24 2 2 2 3 3 3 5 5 1 1 1 1 1 1 1 1 1 1 1 1 1 1 1 1 
Case #370: 25 2 2 3 5 5 5 1 1 1 1 1 1 1 1 1 1 1 1 1 1 1 1 1 1 1 
Case #371: 17 2 2 2 2 2 2 2 2 2 2 3 13 1 1 1 1 1 
Case #372: -1
Case #373: 17 2 2 2 2 2 2 2 2 2 2 2 2 3 5 7 1 1 
Case #374: 26 2 3 3 3 3 7 1 1 1 1 1 1 1 1 1 1 1 1 1 1 1 1 1 1 1 1 
Case #375: 18 2 2 2 2 2 5 5 5 7 1 1 1 1 1 1 1 1 1 
Case #376: 22 2 2 2 3 3 3 11 1 1 1 1 1 1 1 1 1 1 1 1 1 1 1 
Case #377: 20 2 3 3 7 11 1 1 1 1 1 1 1 1 1 1 1 1 1 1 1 
Case #378: 19 2 2 2 2 3 3 5 11 1 1 1 1 1 1 1 1 1 1 1 
Case #379: -1
Case #380: -1
Case #381: 20 2 2 2 2 2 3 3 3 3 3 7 1 1 1 1 1 1 1 1 1 
Case #382: 16 2 3 3 3 3 3 3 5 5 5 1 1 1 1 1 1 
Case #383: 38 2 3 1 1 1 1 1 1 1 1 1 1 1 1 1 1 1 1 1 1 1 1 1 1 1 1 1 1 1 1 1 1 1 1 1 1 1 1 
Case #384: 31 3 3 3 5 1 1 1 1 1 1 1 1 1 1 1 1 1 1 1 1 1 1 1 1 1 1 1 1 1 1 1 
Case #385: 17 2 2 2 2 2 2 3 3 3 3 5 7 1 1 1 1 1 
Case #386: 31 2 2 2 2 2 2 2 2 3 1 1 1 1 1 1 1 1 1 1 1 1 1 1 1 1 1 1 1 1 1 1 
Case #387: 8 2 2 2 3 29 1 1 1 
Case #388: 26 2 3 3 5 7 1 1 1 1 1 1 1 1 1 1 1 1 1 1 1 1 1 1 1 1 1 
Case #389: 25 2 2 2 2 2 2 3 3 7 1 1 1 1 1 1 1 1 1 1 1 1 1 1 1 1 
Case #390: 16 2 2 2 3 3 3 3 3 3 11 1 1 1 1 1 1 
Case #391: 17 2 2 2 2 3 3 3 3 3 11 1 1 1 1 1 1 1 
Case #392: 16 2 2 2 7 7 11 1 1 1 1 1 1 1 1 1 1 
Case #393: -1
Case #394: 21 2 2 2 2 3 3 3 5 7 1 1 1 1 1 1 1 1 1 1 1 1 
Case #395: 12 2 3 3 5 5 5 7 7 1 1 1 1 
Case #396: 25 2 2 3 3 5 7 1 1 1 1 1 1 1 1 1 1 1 1 1 1 1 1 1 1 1 
Case #397: 15 2 2 2 2 2 2 3 3 3 5 11 1 1 1 1 
Case #398: 24 2 2 2 2 2 2 2 2 2 2 2 3 3 3 1 1 1 1 1 1 1 1 1 1 
Case #399: 20 2 5 17 1 1 1 1 1 1 1 1 1 1 1 1 1 1 1 1 1 
Case #400: 24 2 2 2 2 2 2 2 2 2 3 7 1 1 1 1 1 1 1 1 1 1 1 1 1 
Case #401: 22 2 2 2 3 3 3 3 5 5 1 1 1 1 1 1 1 1 1 1 1 1 1 
Case #402: -1
Case #403: 23 2 2 2 2 2 2 3 3 5 5 1 1 1 1 1 1 1 1 1 1 1 1 1 
Case #404: 20 2 2 2 2 2 2 2 2 2 2 2 3 3 3 5 1 1 1 1 1 
Case #405: 14 2 2 2 2 2 3 3 3 3 5 11 1 1 1 
Case #406: -1
Case #407: 29 2 2 11 1 1 1 1 1 1 1 1 1 1 1 1 1 1 1 1 1 1 1 1 1 1 1 1 1 1 
Case #408: 34 2 2 2 2 2 2 2 1 1 1 1 1 1 1 1 1 1 1 1 1 1 1 1 1 1 1 1 1 1 1 1 1 1 1 
Case #409: -1
Case #410: 25 2 2 3 3 3 3 7 1 1 1 1 1 1 1 1 1 1 1 1 1 1 1 1 1 1 
Case #411: 17 2 2 2 2 2 2 7 13 1 1 1 1 1 1 1 1 1 
Case #412: 33 2 2 2 2 2 2 3 1 1 1 1 1 1 1 1 1 1 1 1 1 1 1 1 1 1 1 1 1 1 1 1 1 1 
Case #413: 19 2 2 2 2 2 2 2 2 3 3 3 3 7 1 1 1 1 1 1 
Case #414: 17 3 23 1 1 1 1 1 1 1 1 1 1 1 1 1 1 1 
Case #415: 28 2 2 2 11 1 1 1 1 1 1 1 1 1 1 1 1 1 1 1 1 1 1 1 1 1 1 1 1 
Case #416: 22 2 2 2 2 2 3 7 7 1 1 1 1 1 1 1 1 1 1 1 1 1 1 
Case #417: 27 5 11 1 1 1 1 1 1 1 1 1 1 1 1 1 1 1 1 1 1 1 1 1 1 1 1 1 
Case #418: -1
Case #419: -1
Case #420: 27 2 2 2 2 3 3 3 5 1 1 1 1 1 1 1 1 1 1 1 1 1 1 1 1 1 1 1 
Case #421: 20 2 3 3 3 5 5 7 1 1 1 1 1 1 1 1 1 1 1 1 1 
Case #422: -1
Case #423: 18 2 2 2 3 3 3 3 3 5 7 1 1 1 1 1 1 1 1 
Case #424: 21 2 2 2 2 2 2 2 2 3 3 5 5 1 1 1 1 1 1 1 1 1 
Case #425: 36 2 5 1 1 1 1 1 1 1 1 1 1 1 1 1 1 1 1 1 1 1 1 1 1 1 1 1 1 1 1 1 1 1 1 1 1 
Case #426: 15 2 2 3 3 3 3 3 3 3 5 7 1 1 1 1 
Case #427: -1
Case #428: -1
Case #429: 19 5 19 1 1 1 1 1 1 1 1 1 1 1 1 1 1 1 1 1 
Case #430: 17 2 2 2 2 3 3 3 3 3 3 5 5 1 1 1 1 1 
Case #431: 14 2 2 2 5 5 7 11 1 1 1 1 1 1 1 
Case #432: 17 2 2 2 2 2 2 2 2 3 5 5 7 1 1 1 1 1 
Case #433: 39 2 2 1 1 1 1 1 1 1 1 1 1 1 1 1 1 1 1 1 1 1 1 1 1 1 1 1 1 1 1 1 1 1 1 1 1 1 1 1 
Case #434: 19 2 2 2 2 2 2 2 2 3 3 3 3 3 5 1 1 1 1 1 
Case #435: 23 2 2 17 1 1 1 1 1 1 1 1 1 1 1 1 1 1 1 1 1 1 1 1 
Case #436: 23 2 2 2 2 2 2 3 5 7 1 1 1 1 1 1 1 1 1 1 1 1 1 1 
Case #437: 21 2 2 2 2 2 2 2 2 2 2 3 3 3 5 1 1 1 1 1 1 1 
Case #438: -1
Case #439: 22 2 2 2 2 2 3 3 5 7 1 1 1 1 1 1 1 1 1 1 1 1 1 
Case #440: 14 2 2 2 2 2 3 3 3 7 11 1 1 1 1 
Case #441: 16 2 2 2 2 2 2 2 3 3 3 5 5 5 1 1 1 
Case #442: 14 2 2 2 2 2 2 2 3 3 5 13 1 1 1 
Case #443: 16 2 2 2 2 2 3 3 3 3 7 7 1 1 1 1 1 
Case #444: 18 2 2 2 2 2 2 2 2 2 2 2 3 11 1 1 1 1 1 
Case #445: 10 2 3 3 5 7 17 1 1 1 1 
Case #446: 21 2 2 2 2 2 2 2 2 2 2 2 2 3 7 1 1 1 1 1 1 1 
Case #447: 24 2 2 2 2 2 2 2 2 2 3 3 5 1 1 1 1 1 1 1 1 1 1 1 1 
Case #448: 13 2 2 2 2 3 3 11 11 1 1 1 1 1 
Case #449: 12 2 2 2 3 7 7 7 7 1 1 1 1 
Case #450: -1
Case #451: -1
Case #452: 28 2 2 2 2 2 3 7 1 1 1 1 1 1 1 1 1 1 1 1 1 1 1 1 1 1 1 1 1 
Case #453: 17 2 2 3 3 3 3 5 5 7 1 1 1 1 1 1 1 1 
Case #454: 19 2 2 2 2 2 2 5 13 1 1 1 1 1 1 1 1 1 1 1 
Case #455: 19 2 2 3 3 3 3 3 5 7 1 1 1 1 1 1 1 1 1 1 
Case #456: 19 2 2 2 2 2 2 2 2 3 5 5 5 1 1 1 1 1 1 1 
Case #457: 16 2 2 2 2 2 2 2 3 3 3 13 1 1 1 1 1 
Case #458: 26 2 2 2 2 2 3 3 3 3 3 1 1 1 1 1 1 1 1 1 1 1 1 1 1 1 1 
Case #459: 21 2 2 2 2 3 3 3 3 3 3 3 3 1 1 1 1 1 1 1 1 1 
Case #460: 20 2 2 2 2 2 3 5 5 7 1 1 1 1 1 1 1 1 1 1 1 
Case #461: -1
Case #462: -1
Case #463: 12 2 29 1 1 1 1 1 1 1 1 1 1 
Case #464: -1
Case #465: -1
Case #466: 17 2 2 2 2 3 3 5 7 7 1 1 1 1 1 1 1 1 
Case #467: -1
Case #468: -1
Case #469: 16 2 2 2 2 2 2 2 3 3 5 11 1 1 1 1 1 
Case #470: 20 2 3 3 5 7 7 1 1 1 1 1 1 1 1 1 1 1 1 1 1 
Case #471: 21 2 2 2 2 2 2 2 2 2 2 2 2 3 3 5 1 1 1 1 1 1 
Case #472: 20 2 2 2 2 2 3 3 3 3 3 3 3 3 1 1 1 1 1 1 1 
Case #473: 14 2 2 2 2 2 2 2 3 5 5 11 1 1 1 
Case #474: 21 3 3 3 5 5 7 1 1 1 1 1 1 1 1 1 1 1 1 1 1 1 
Case #475: 20 2 3 7 13 1 1 1 1 1 1 1 1 1 1 1 1 1 1 1 1 
Case #476: 16 2 3 3 5 17 1 1 1 1 1 1 1 1 1 1 1 
Case #477: 10 2 31 1 1 1 1 1 1 1 1 
Case #478: 25 3 3 13 1 1 1 1 1 1 1 1 1 1 1 1 1 1 1 1 1 1 1 1 1 1 
Case #479: 28 2 2 2 2 2 3 3 3 3 1 1 1 1 1 1 1 1 1 1 1 1 1 1 1 1 1 1 1 
Case #480: 18 2 3 3 3 5 5 5 5 1 1 1 1 1 1 1 1 1 1 
Case #481: 15 2 2 2 2 3 3 3 3 3 5 5 5 1 1 1 
Case #482: -1
Case #483: -1
Case #484: -1
Case #485: 11 2 2 29 1 1 1 1 1 1 1 1 
Case #486: 20 2 2 2 2 2 2 2 2 2 2 2 2 2 3 7 1 1 1 1 1 
Case #487: 10 2 2 2 3 7 11 11 1 1 1 
Case #488: 17 2 2 2 2 2 2 2 2 2 2 5 5 7 1 1 1 1 
Case #489: 29 13 1 1 1 1 1 1 1 1 1 1 1 1 1 1 1 1 1 1 1 1 1 1 1 1 1 1 1 1 
Case #490: 21 2 2 2 2 2 2 2 2 2 2 3 3 7 1 1 1 1 1 1 1 1 
Case #491: 12 2 2 2 3 3 5 19 1 1 1 1 1 
Case #492: 21 2 2 2 2 2 2 2 2 2 2 2 2 2 2 2 2 2 2 2 2 1 
Case #493: 14 2 2 2 2 2 5 7 13 1 1 1 1 1 1 
Case #494: -1
Case #495: 14 2 3 3 3 3 3 3 3 3 5 7 1 1 1 
Case #496: 19 2 2 2 2 2 2 2 2 3 3 5 7 1 1 1 1 1 1 1 
Case #497: 18 2 2 2 2 2 3 5 5 5 5 1 1 1 1 1 1 1 1 
Case #498: 12 2 2 2 3 5 5 5 5 5 5 1 1 
Case #499: 18 2 2 2 2 2 3 3 3 13 1 1 1 1 1 1 1 1 1 
Case #500: -1
Case #501: 28 2 2 2 2 2 3 3 5 1 1 1 1 1 1 1 1 1 1 1 1 1 1 1 1 1 1 1 1 
Case #502: 22 2 2 2 2 2 3 3 3 3 3 3 3 1 1 1 1 1 1 1 1 1 1 
Case #503: 28 2 2 2 2 2 2 2 2 2 5 1 1 1 1 1 1 1 1 1 1 1 1 1 1 1 1 1 1 
Case #504: 21 2 2 2 2 2 2 2 2 2 2 3 3 3 3 3 1 1 1 1 1 1 
Case #505: 10 2 3 3 5 7 7 11 1 1 1 
Case #506: 17 2 2 2 2 2 2 3 3 3 5 5 5 1 1 1 1 1 
Case #507: 18 2 2 2 2 2 2 2 3 3 7 7 1 1 1 1 1 1 1 
Case #508: -1
Case #509: 22 2 2 2 5 5 5 5 1 1 1 1 1 1 1 1 1 1 1 1 1 1 1 
Case #510: 17 2 2 3 3 3 17 1 1 1 1 1 1 1 1 1 1 1 
Case #511: 24 2 2 2 2 2 3 5 7 1 1 1 1 1 1 1 1 1 1 1 1 1 1 1 1 
Case #512: 22 2 2 2 3 3 3 3 3 3 5 1 1 1 1 1 1 1 1 1 1 1 1 
Case #513: 16 2 2 2 2 2 3 3 7 11 1 1 1 1 1 1 1 
Case #514: -1
Case #515: 16 2 2 2 2 2 3 5 5 5 7 1 1 1 1 1 1 
Case #516: 13 2 2 2 2 2 2 2 2 3 7 13 1 1 
Case #517: 34 2 2 2 2 2 3 1 1 1 1 1 1 1 1 1 1 1 1 1 1 1 1 1 1 1 1 1 1 1 1 1 1 1 1 
Case #518: 15 2 2 2 2 3 3 3 5 13 1 1 1 1 1 1 
Case #519: 15 2 2 3 3 5 7 11 1 1 1 1 1 1 1 1 
Case #520: -1
Case #521: -1
Case #522: 10 2 2 2 2 2 3 7 19 1 1 
Case #523: 20 2 2 2 2 2 2 2 2 2 3 3 5 5 1 1 1 1 1 1 1 
Case #524: 18 2 2 2 2 2 2 2 2 2 5 5 7 1 1 1 1 1 1 
Case #525: 24 2 2 2 2 2 3 11 1 1 1 1 1 1 1 1 1 1 1 1 1 1 1 1 1 
Case #526: 21 2 2 3 3 3 3 11 1 1 1 1 1 1 1 1 1 1 1 1 1 1 
Case #527: -1
Case #528: 35 2 2 5 1 1 1 1 1 1 1 1 1 1 1 1 1 1 1 1 1 1 1 1 1 1 1 1 1 1 1 1 1 1 1 1 
Case #529: -1
Case #530: 13 2 2 3 5 5 7 11 1 1 1 1 1 1 
Case #531: 20 2 2 2 2 2 2 2 2 2 3 3 3 7 1 1 1 1 1 1 1 
Case #532: 17 2 2 2 2 5 5 5 5 5 1 1 1 1 1 1 1 1 
Case #533: 20 2 3 3 3 3 7 7 1 1 1 1 1 1 1 1 1 1 1 1 1 
Case #534: 31 2 2 3 7 1 1 1 1 1 1 1 1 1 1 1 1 1 1 1 1 1 1 1 1 1 1 1 1 1 1 1 
Case #535: -1
Case #536: -1
Case #537: 18 2 3 3 5 5 5 7 1 1 1 1 1 1 1 1 1 1 1 
Case #538: 30 2 2 2 2 2 7 1 1 1 1 1 1 1 1 1 1 1 1 1 1 1 1 1 1 1 1 1 1 1 1 
Case #539: 16 2 2 2 2 2 5 17 1 1 1 1 1 1 1 1 1 
Case #540: 26 2 2 2 3 3 3 3 5 1 1 1 1 1 1 1 1 1 1 1 1 1 1 1 1 1 1 
Case #541: 21 2 2 2 2 2 2 2 2 7 7 1 1 1 1 1 1 1 1 1 1 1 
Case #542: 13 2 2 3 3 3 5 5 7 7 1 1 1 1 
Case #543: 19 2 2 2 2 3 3 3 3 3 3 3 5 1 1 1 1 1 1 1 
Case #544: 26 2 3 13 1 1 1 1 1 1 1 1 1 1 1 1 1 1 1 1 1 1 1 1 1 1 1 
Case #545: 7 5 7 7 19 1 1 1 
Case #546: 23 2 2 2 2 2 2 2 2 3 5 5 1 1 1 1 1 1 1 1 1 1 1 1 
Case #547: 17 2 2 3 5 5 7 7 1 1 1 1 1 1 1 1 1 1 
Case #548: 21 2 2 2 2 5 5 5 5 1 1 1 1 1 1 1 1 1 1 1 1 1 
Case #549: 14 2 3 3 3 5 5 7 7 1 1 1 1 1 1 
Case #550: -1
Case #551: 13 5 7 19 1 1 1 1 1 1 1 1 1 1 
Case #552: -1
Case #553: 12 2 2 2 3 3 5 5 5 11 1 1 1 
Case #554: 20 2 2 2 2 2 3 3 3 11 1 1 1 1 1 1 1 1 1 1 1 
Case #555: 32 2 2 2 3 5 1 1 1 1 1 1 1 1 1 1 1 1 1 1 1 1 1 1 1 1 1 1 1 1 1 1 1 
Case #556: 11 2 2 2 2 2 2 3 7 17 1 1 
Case #557: 23 2 2 2 2 2 2 2 2 5 7 1 1 1 1 1 1 1 1 1 1 1 1 1 
Case #558: 21 2 2 3 3 3 5 5 5 1 1 1 1 1 1 1 1 1 1 1 1 1 
Case #559: 23 2 2 2 2 3 5 5 5 1 1 1 1 1 1 1 1 1 1 1 1 1 1 1 
Case #560: 18 2 2 2 3 3 3 5 5 7 1 1 1 1 1 1 1 1 1 
Case #561: 17 2 2 3 3 3 3 3 3 5 7 1 1 1 1 1 1 1 
Case #562: 10 2 3 3 3 5 5 17 1 1 1 
Case #563: -1
Case #564: 21 2 2 2 2 3 3 3 3 3 3 5 1 1 1 1 1 1 1 1 1 1 
Case #565: 23 2 2 2 2 2 2 2 2 2 2 5 5 1 1 1 1 1 1 1 1 1 1 1 
Case #566: 15 2 2 2 2 2 2 5 5 5 5 5 1 1 1 1 
Case #567: 35 2 2 2 2 3 1 1 1 1 1 1 1 1 1 1 1 1 1 1 1 1 1 1 1 1 1 1 1 1 1 1 1 1 1 1 
Case #568: 14 2 3 3 5 5 5 11 1 1 1 1 1 1 1 
Case #569: 13 2 2 5 5 7 13 1 1 1 1 1 1 1 
Case #570: 34 2 3 3 3 1 1 1 1 1 1 1 1 1 1 1 1 1 1 1 1 1 1 1 1 1 1 1 1 1 1 1 1 1 1 
Case #571: 24 2 2 2 2 2 2 2 3 3 7 1 1 1 1 1 1 1 1 1 1 1 1 1 1 
Case #572: 17 2 2 2 2 3 3 3 5 11 1 1 1 1 1 1 1 1 
Case #573: 26 2 2 2 2 2 2 2 3 3 3 3 1 1 1 1 1 1 1 1 1 1 1 1 1 1 1 
Case #574: 11 31 1 1 1 1 1 1 1 1 1 1 
Case #575: 14 2 2 2 2 2 3 5 5 5 5 5 1 1 1 
Case #576: 19 2 2 2 2 3 3 3 3 5 7 1 1 1 1 1 1 1 1 1 
Case #577: 25 2 2 2 2 2 2 2 2 3 3 3 3 1 1 1 1 1 1 1 1 1 1 1 1 1 
Case #578: 13 2 2 2 2 2 2 5 7 13 1 1 1 1 
Case #579: 15 2 2 2 2 2 2 3 3 5 5 5 5 1 1 1 
Case #580: 16 2 2 2 2 2 2 2 3 3 5 5 7 1 1 1 1 
Case #581: -1
Case #582: 27 2 2 3 3 3 3 5 1 1 1 1 1 1 1 1 1 1 1 1 1 1 1 1 1 1 1 1 
Case #583: 17 2 2 2 2 2 2 2 2 3 3 3 5 7 1 1 1 1 
Case #584: 14 2 3 3 3 3 5 5 11 1 1 1 1 1 1 
Case #585: -1
Case #586: 16 2 2 2 3 3 3 3 3 3 3 3 3 5 1 1 1 
Case #587: 21 2 2 2 2 2 2 3 3 3 3 3 5 1 1 1 1 1 1 1 1 1 
Case #588: 18 2 2 2 2 2 3 3 3 3 3 3 7 1 1 1 1 1 1 
Case #589: 12 2 2 2 2 2 3 3 11 11 1 1 1 
Case #590: -1
Case #591: 14 2 2 2 3 3 3 5 5 11 1 1 1 1 1 
Case #592: 15 2 2 2 2 5 5 5 5 7 1 1 1 1 1 1 
Case #593: 26 2 2 2 3 3 5 5 1 1 1 1 1 1 1 1 1 1 1 1 1 1 1 1 1 1 1 
Case #594: 5 3 17 19 1 1 
Case #595: 16 2 2 2 2 2 2 2 5 5 5 7 1 1 1 1 1 
Case #596: 16 2 2 2 3 3 5 5 5 7 1 1 1 1 1 1 1 
Case #597: -1
Case #598: 33 2 2 2 2 5 1 1 1 1 1 1 1 1 1 1 1 1 1 1 1 1 1 1 1 1 1 1 1 1 1 1 1 1 
Case #599: 24 2 2 2 3 3 5 7 1 1 1 1 1 1 1 1 1 1 1 1 1 1 1 1 1 
Case #600: 16 2 2 2 2 2 2 2 2 2 3 5 11 1 1 1 1 
Case #601: -1
Case #602: -1
Case #603: 17 2 2 2 2 2 2 2 2 3 3 3 3 5 5 1 1 1 
Case #604: 6 2 17 19 1 1 1 
Case #605: 22 2 2 2 3 5 5 7 1 1 1 1 1 1 1 1 1 1 1 1 1 1 1 
Case #606: 33 3 3 5 1 1 1 1 1 1 1 1 1 1 1 1 1 1 1 1 1 1 1 1 1 1 1 1 1 1 1 1 1 1 
Case #607: -1
Case #608: 25 2 2 2 2 2 2 2 2 5 5 1 1 1 1 1 1 1 1 1 1 1 1 1 1 1 
Case #609: -1
Case #610: 27 2 2 3 5 7 1 1 1 1 1 1 1 1 1 1 1 1 1 1 1 1 1 1 1 1 1 1 
Case #611: 10 2 2 2 3 5 5 7 13 1 1 
Case #612: 22 2 3 3 3 3 3 3 3 5 1 1 1 1 1 1 1 1 1 1 1 1 1 
Case #613: 18 2 2 2 2 2 2 2 3 3 3 3 3 7 1 1 1 1 1 
Case #614: 25 2 2 2 2 2 2 2 2 2 2 2 2 3 3 1 1 1 1 1 1 1 1 1 1 1 
Case #615: -1
Case #616: 33 2 2 7 1 1 1 1 1 1 1 1 1 1 1 1 1 1 1 1 1 1 1 1 1 1 1 1 1 1 1 1 1 1 
Case #617: 17 2 2 3 5 5 13 1 1 1 1 1 1 1 1 1 1 1 
Case #618: 14 2 2 2 3 3 3 3 17 1 1 1 1 1 1 
Case #619: 18 2 2 2 2 2 2 2 2 2 2 2 3 5 7 1 1 1 1 
Case #620: 16 2 2 2 3 3 3 5 13 1 1 1 1 1 1 1 1 
Case #621: 29 2 2 2 2 2 2 2 2 3 3 1 1 1 1 1 1 1 1 1 1 1 1 1 1 1 1 1 1 1 
Case #622: 14 2 3 3 5 5 5 5 7 1 1 1 1 1 1 
Case #623: 15 2 2 3 3 3 3 3 3 3 11 1 1 1 1 1 
Case #624: 16 2 2 2 2 2 2 2 3 3 3 3 5 7 1 1 1 
Case #625: 12 2 3 3 5 5 5 13 1 1 1 1 1 
Case #626: 18 2 2 2 2 2 3 3 3 7 7 1 1 1 1 1 1 1 1 
Case #627: 16 2 2 2 3 3 3 5 5 5 5 1 1 1 1 1 1 
Case #628: 35 3 5 1 1 1 1 1 1 1 1 1 1 1 1 1 1 1 1 1 1 1 1 1 1 1 1 1 1 1 1 1 1 1 1 1 
Case #629: 18 2 2 2 2 2 2 2 2 2 2 2 5 5 5 1 1 1 1 
Case #630: 34 2 3 5 1 1 1 1 1 1 1 1 1 1 1 1 1 1 1 1 1 1 1 1 1 1 1 1 1 1 1 1 1 1 1 
Case #631: 18 2 2 2 2 2 2 2 3 3 3 11 1 1 1 1 1 1 1 
Case #632: 21 2 2 2 2 3 3 3 3 5 5 1 1 1 1 1 1 1 1 1 1 1 
Case #633: -1
Case #634: -1
Case #635: 20 2 3 3 3 3 3 11 1 1 1 1 1 1 1 1 1 1 1 1 1 
Case #636: 13 2 2 3 3 3 3 3 17 1 1 1 1 1 
Case #637: 23 7 13 1 1 1 1 1 1 1 1 1 1 1 1 1 1 1 1 1 1 1 1 1 
Case #638: 14 2 2 2 3 3 5 5 13 1 1 1 1 1 1 
Case #639: -1
Case #640: -1
Case #641: 22 2 2 2 2 2 3 3 3 3 3 5 1 1 1 1 1 1 1 1 1 1 1 
Case #642: -1
Case #643: 3 5 17 19 
Case #644: 8 2 2 2 3 7 23 1 1 
Case #645: 5 37 1 1 1 1 
Case #646: 22 2 3 3 3 5 5 5 1 1 1 1 1 1 1 1 1 1 1 1 1 1 1 
Case #647: -1
Case #648: -1
Case #649: 21 2 2 19 1 1 1 1 1 1 1 1 1 1 1 1 1 1 1 1 1 1 
Case #650: 17 2 2 2 2 3 7 7 7 1 1 1 1 1 1 1 1 1 
Case #651: 20 2 2 2 2 2 2 2 3 5 5 5 1 1 1 1 1 1 1 1 1 
Case #652: 18 2 2 2 2 2 3 3 3 3 5 7 1 1 1 1 1 1 1 
Case #653: 20 2 2 2 3 3 3 3 3 3 7 1 1 1 1 1 1 1 1 1 1 
Case #654: 19 2 2 3 3 5 13 1 1 1 1 1 1 1 1 1 1 1 1 1 
Case #655: -1
Case #656: 20 2 3 5 5 5 7 1 1 1 1 1 1 1 1 1 1 1 1 1 1 
Case #657: -1
Case #658: 17 2 2 2 2 2 2 2 2 3 3 5 5 5 1 1 1 1 
Case #659: -1
Case #660: 31 2 2 2 2 2 2 3 3 1 1 1 1 1 1 1 1 1 1 1 1 1 1 1 1 1 1 1 1 1 1 1 
Case #661: 22 2 2 2 2 2 2 2 3 3 3 3 5 1 1 1 1 1 1 1 1 1 1 
Case #662: 24 2 2 2 2 2 2 2 2 2 2 2 7 1 1 1 1 1 1 1 1 1 1 1 1 
Case #663: -1
Case #664: 7 17 19 1 1 1 1 1 
Case #665: -1
Case #666: 31 11 1 1 1 1 1 1 1 1 1 1 1 1 1 1 1 1 1 1 1 1 1 1 1 1 1 1 1 1 1 1 
Case #667: 14 2 2 2 3 3 3 3 3 5 5 7 1 1 1 
Case #668: -1
Case #669: 20 2 2 2 2 2 2 2 2 2 3 3 3 3 3 3 1 1 1 1 1 
Case #670: 21 2 2 2 2 2 2 3 3 3 5 5 1 1 1 1 1 1 1 1 1 1 
Case #671: 16 2 2 2 5 5 5 11 1 1 1 1 1 1 1 1 1 
Case #672: -1
Case #673: 19 2 2 2 2 2 2 3 5 11 1 1 1 1 1 1 1 1 1 1 
Case #674: 14 2 2 2 3 5 5 5 5 7 1 1 1 1 1 
Case #675: 23 2 2 2 2 2 2 5 5 5 1 1 1 1 1 1 1 1 1 1 1 1 1 1 
Case #676: -1
Case #677: 15 2 2 2 2 2 2 2 2 3 5 5 5 5 1 1 
Case #678: 17 2 2 7 7 11 1 1 1 1 1 1 1 1 1 1 1 1 
Case #679: 11 3 29 1 1 1 1 1 1 1 1 1 
Case #680: -1
Case #681: 19 2 2 2 2 3 3 3 3 11 1 1 1 1 1 1 1 1 1 1 
Case #682: -1
Case #683: 22 2 2 2 2 2 2 2 2 2 2 2 2 2 2 2 3 3 1 1 1 1 1 
Case #684: 24 2 2 2 2 2 3 3 3 3 5 1 1 1 1 1 1 1 1 1 1 1 1 1 1 
Case #685: 13 2 2 2 2 3 5 7 13 1 1 1 1 1 
Case #686: -1
Case #687: 16 2 3 3 3 3 5 5 5 5 1 1 1 1 1 1 1 
Case #688: 13 29 1 1 1 1 1 1 1 1 1 1 1 1 
Case #689: 26 2 2 2 2 2 3 3 7 1 1 1 1 1 1 1 1 1 1 1 1 1 1 1 1 1 1 
Case #690: 18 2 2 2 2 2 2 2 2 2 3 3 3 5 5 1 1 1 1 
Case #691: -1
Case #692: 21 2 2 2 2 2 2 2 2 2 2 2 2 2 2 3 3 3 1 1 1 1 
Case #693: -1
Case #694: 19 2 2 3 3 3 5 11 1 1 1 1 1 1 1 1 1 1 1 1 
Case #695: 12 2 3 3 3 3 5 5 7 7 1 1 1 
Case #696: 19 2 2 2 2 3 3 3 13 1 1 1 1 1 1 1 1 1 1 1 
Case #697: 21 2 2 2 2 3 3 5 5 5 1 1 1 1 1 1 1 1 1 1 1 1 
Case #698: 19 2 2 2 2 2 2 3 3 3 3 5 5 1 1 1 1 1 1 1 
Case #699: 13 2 2 3 3 3 5 17 1 1 1 1 1 1 
Case #700: -1
Case #701: -1
Case #702: 28 2 3 11 1 1 1 1 1 1 1 1 1 1 1 1 1 1 1 1 1 1 1 1 1 1 1 1 1 
Case #703: -1
Case #704: 23 2 2 2 2 2 2 3 3 3 7 1 1 1 1 1 1 1 1 1 1 1 1 1 
Case #705: 17 2 2 3 3 3 3 3 7 7 1 1 1 1 1 1 1 1 
Case #706: 15 2 2 2 2 3 3 7 7 7 1 1 1 1 1 1 
Case #707: 13 2 2 2 2 2 2 3 3 7 13 1 1 1 
Case #708: 14 2 2 2 2 2 3 5 5 13 1 1 1 1 1 
Case #709: -1
Case #710: 15 2 2 3 3 3 5 5 11 1 1 1 1 1 1 1 
Case #711: 23 2 2 2 2 2 2 2 2 2 2 2 2 2 2 5 1 1 1 1 1 1 1 1 
Case #712: 30 2 11 1 1 1 1 1 1 1 1 1 1 1 1 1 1 1 1 1 1 1 1 1 1 1 1 1 1 1 1 
Case #713: 14 2 2 2 2 2 3 3 3 5 13 1 1 1 1 
Case #714: 13 2 2 3 3 3 3 5 5 11 1 1 1 1 
Case #715: 15 2 2 2 2 2 2 3 3 5 7 7 1 1 1 1 
Case #716: 15 2 2 3 3 3 5 5 5 7 1 1 1 1 1 1 
Case #717: 10 2 3 3 5 23 1 1 1 1 1 
Case #718: 16 2 2 2 2 2 3 3 17 1 1 1 1 1 1 1 1 
Case #719: -1
Case #720: 18 2 2 2 3 3 3 3 3 11 1 1 1 1 1 1 1 1 1 
Case #721: 24 2 2 2 2 2 3 3 5 5 1 1 1 1 1 1 1 1 1 1 1 1 1 1 1 
Case #722: 18 2 2 2 2 2 2 2 3 3 5 5 5 1 1 1 1 1 1 
Case #723: 22 2 2 2 5 7 7 1 1 1 1 1 1 1 1 1 1 1 1 1 1 1 1 
Case #724: 16 2 3 3 3 7 13 1 1 1 1 1 1 1 1 1 1 
Case #725: 25 2 2 2 2 3 3 3 3 5 1 1 1 1 1 1 1 1 1 1 1 1 1 1 1 1 
Case #726: 24 2 2 2 3 3 3 3 7 1 1 1 1 1 1 1 1 1 1 1 1 1 1 1 1 
Case #727: 12 2 3 3 3 3 3 5 5 11 1 1 1 
Case #728: 19 2 2 2 2 2 2 2 2 3 3 3 5 5 1 1 1 1 1 1 
Case #729: 39 3 1 1 1 1 1 1 1 1 1 1 1 1 1 1 1 1 1 1 1 1 1 1 1 1 1 1 1 1 1 1 1 1 1 1 1 1 1 1 
Case #730: 21 2 2 3 5 5 5 5 1 1 1 1 1 1 1 1 1 1 1 1 1 1 
Case #731: 18 2 2 2 2 2 3 3 5 5 7 1 1 1 1 1 1 1 1 
Case #732: 23 2 2 3 3 3 3 3 7 1 1 1 1 1 1 1 1 1 1 1 1 1 1 1 
Case #733: 22 2 2 2 2 2 2 2 2 2 5 7 1 1 1 1 1 1 1 1 1 1 1 
Case #734: 20 2 2 2 2 2 2 2 3 3 3 3 3 5 1 1 1 1 1 1 1 
Case #735: 15 2 2 2 2 3 11 11 1 1 1 1 1 1 1 1 
Case #736: 14 2 2 2 3 3 3 3 7 11 1 1 1 1 1 
Case #737: 23 2 2 3 5 5 7 1 1 1 1 1 1 1 1 1 1 1 1 1 1 1 1 1 
Case #738: 11 2 2 2 2 2 2 3 5 19 1 1 
Case #739: 23 2 2 2 2 2 2 3 3 3 3 5 1 1 1 1 1 1 1 1 1 1 1 1 
Case #740: 11 2 2 2 2 3 5 5 7 11 1 1 
Case #741: -1
Case #742: 20 2 2 2 2 2 2 2 2 2 2 2 2 2 2 2 3 5 1 1 1 
Case #743: 22 2 2 2 2 2 2 2 2 2 2 2 2 2 3 3 3 1 1 1 1 1 1 
Case #744: 20 2 2 2 2 2 3 3 3 5 7 1 1 1 1 1 1 1 1 1 1 
Case #745: 22 2 2 2 2 2 2 2 2 2 2 2 3 3 3 3 1 1 1 1 1 1 1 
Case #746: 25 2 2 2 2 3 3 3 7 1 1 1 1 1 1 1 1 1 1 1 1 1 1 1 1 1 
Case #747: 22 2 2 2 2 2 5 5 7 1 1 1 1 1 1 1 1 1 1 1 1 1 1 
Case #748: 32 2 2 2 7 1 1 1 1 1 1 1 1 1 1 1 1 1 1 1 1 1 1 1 1 1 1 1 1 1 1 1 1 
Case #749: -1
Case #750: 15 2 2 2 2 2 2 3 5 5 11 1 1 1 1 1 
Case #751: 18 2 2 2 2 2 3 3 3 3 3 3 3 5 1 1 1 1 1 
Case #752: 18 2 2 2 2 2 3 3 3 5 5 5 1 1 1 1 1 1 1 
Case #753: 22 2 2 2 2 2 2 2 3 3 3 3 3 3 1 1 1 1 1 1 1 1 1 
Case #754: 4 2 37 1 1 
Case #755: 19 2 2 2 2 2 2 2 2 5 5 7 1 1 1 1 1 1 1 1 
Case #756: -1
Case #757: 29 3 5 7 1 1 1 1 1 1 1 1 1 1 1 1 1 1 1 1 1 1 1 1 1 1 1 1 1 1 
Case #758: 16 2 3 3 3 3 3 5 5 7 1 1 1 1 1 1 1 
Case #759: 18 2 2 2 2 2 3 3 5 11 1 1 1 1 1 1 1 1 1 
Case #760: 22 2 2 2 2 2 2 2 2 2 2 2 2 2 3 5 1 1 1 1 1 1 1 
Case #761: 17 2 2 2 2 2 2 3 3 3 3 11 1 1 1 1 1 1 
Case #762: 25 2 2 2 2 2 2 2 2 2 2 2 2 2 2 3 1 1 1 1 1 1 1 1 1 1 
Case #763: -1
Case #764: 15 2 2 2 2 3 3 3 3 3 3 5 7 1 1 1 
Case #765: -1
Case #766: 15 2 2 2 2 2 2 2 2 3 5 13 1 1 1 1 
Case #767: 20 2 2 2 2 2 2 2 3 3 11 1 1 1 1 1 1 1 1 1 1 
Case #768: 18 2 3 3 3 5 7 7 1 1 1 1 1 1 1 1 1 1 1 
Case #769: 20 2 2 2 3 3 3 3 11 1 1 1 1 1 1 1 1 1 1 1 1 
Case #770: 19 2 2 2 2 2 2 5 7 7 1 1 1 1 1 1 1 1 1 1 
Case #771: -1
Case #772: 12 2 2 2 2 2 3 3 5 17 1 1 1 
Case #773: -1
Case #774: 15 2 2 2 2 2 2 3 3 3 5 5 7 1 1 1 
Case #775: 13 2 2 3 3 3 3 7 13 1 1 1 1 1 
Case #776: 24 2 2 2 2 2 2 2 2 2 2 2 2 2 5 1 1 1 1 1 1 1 1 1 1 
Case #777: 14 2 2 2 2 2 2 2 5 7 11 1 1 1 1 
Case #778: 32 2 5 5 1 1 1 1 1 1 1 1 1 1 1 1 1 1 1 1 1 1 1 1 1 1 1 1 1 1 1 1 1 
Case #779: 21 2 2 2 2 2 2 2 2 3 3 3 3 3 3 1 1 1 1 1 1 1 
Case #780: 20 2 2 2 2 2 3 3 7 7 1 1 1 1 1 1 1 1 1 1 1 
Case #781: 18 2 3 5 7 11 1 1 1 1 1 1 1 1 1 1 1 1 1 
Case #782: 17 2 2 3 3 3 5 5 5 5 1 1 1 1 1 1 1 1 
Case #783: -1
Case #784: -1
Case #785: 25 3 3 7 7 1 1 1 1 1 1 1 1 1 1 1 1 1 1 1 1 1 1 1 1 1 
Case #786: 24 2 2 2 2 2 3 3 3 3 3 3 1 1 1 1 1 1 1 1 1 1 1 1 1 
Case #787: 13 2 2 3 3 3 3 3 5 13 1 1 1 1 
Case #788: 18 2 2 2 3 3 5 7 7 1 1 1 1 1 1 1 1 1 1 
Case #789: 21 2 2 3 3 3 3 3 5 5 1 1 1 1 1 1 1 1 1 1 1 1 
Case #790: 17 2 2 2 2 2 2 3 3 5 11 1 1 1 1 1 1 1 
Case #791: -1
Case #792: 9 2 2 2 2 3 11 17 1 1 
Case #793: 14 2 2 2 2 2 3 3 3 17 1 1 1 1 1 
Case #794: -1
Case #795: 15 2 2 2 2 3 5 7 11 1 1 1 1 1 1 1 
Case #796: 12 2 2 2 3 7 7 13 1 1 1 1 1 
Case #797: 23 2 2 2 2 2 2 2 2 3 3 3 5 1 1 1 1 1 1 1 1 1 1 1 
Case #798: 14 2 3 3 3 3 3 3 3 5 5 5 1 1 1 
Case #799: 10 2 2 2 2 2 3 13 13 1 1 
Case #800: 25 7 11 1 1 1 1 1 1 1 1 1 1 1 1 1 1 1 1 1 1 1 1 1 1 1 
Case #801: 27 2 2 2 2 2 2 3 3 5 1 1 1 1 1 1 1 1 1 1 1 1 1 1 1 1 1 1 
Case #802: 18 2 2 2 2 2 2 2 2 2 3 3 3 3 3 5 1 1 1 
Case #803: 18 2 2 2 3 3 3 3 5 5 5 1 1 1 1 1 1 1 1 
Case #804: 24 2 2 2 2 2 2 2 2 2 2 2 3 5 1 1 1 1 1 1 1 1 1 1 1 
Case #805: 20 2 2 2 2 2 2 2 3 3 3 3 3 3 3 1 1 1 1 1 1 
Case #806: 21 2 2 2 2 2 2 2 2 3 5 7 1 1 1 1 1 1 1 1 1 1 
Case #807: 27 2 2 2 2 2 2 2 2 2 2 2 2 3 1 1 1 1 1 1 1 1 1 1 1 1 1 1 
Case #808: 13 2 2 2 2 3 3 3 19 1 1 1 1 1 
Case #809: -1
Case #810: 14 2 2 2 2 2 2 2 3 3 7 11 1 1 1 
Case #811: 15 2 2 2 2 7 17 1 1 1 1 1 1 1 1 1 
Case #812: 22 2 2 2 2 2 2 2 2 2 2 2 2 2 7 1 1 1 1 1 1 1 1 
Case #813: 14 2 2 2 2 2 2 2 3 7 13 1 1 1 1 
Case #814: 20 2 2 2 2 2 3 3 3 3 3 3 5 1 1 1 1 1 1 1 1 
Case #815: 17 2 2 3 3 7 7 7 1 1 1 1 1 1 1 1 1 1 
Case #816: -1
Case #817: 22 2 2 2 2 2 2 2 2 2 3 3 3 5 1 1 1 1 1 1 1 1 1 
Case #818: 24 2 2 2 2 2 2 2 2 2 3 3 3 3 1 1 1 1 1 1 1 1 1 1 1 
Case #819: 18 2 2 2 2 2 2 2 3 3 3 3 5 5 1 1 1 1 1 
Case #820: 15 2 2 2 2 5 19 1 1 1 1 1 1 1 1 1 
Case #821: 16 2 2 2 2 2 2 2 2 2 3 5 5 7 1 1 1 
Case #822: -1
Case #823: 20 2 2 2 2 2 2 2 2 2 3 5 7 1 1 1 1 1 1 1 1 
Case #824: 6 2 3 5 7 11 13 
Case #825: 21 2 2 2 2 3 5 5 7 1 1 1 1 1 1 1 1 1 1 1 1 1 
Case #826: 30 2 2 2 2 2 3 3 3 1 1 1 1 1 1 1 1 1 1 1 1 1 1 1 1 1 1 1 1 1 1 
Case #827: 14 2 2 2 5 5 5 7 7 1 1 1 1 1 1 
Case #828: 16 2 3 5 7 13 1 1 1 1 1 1 1 1 1 1 1 
Case #829: 26 2 5 11 1 1 1 1 1 1 1 1 1 1 1 1 1 1 1 1 1 1 1 1 1 1 1 
Case #830: 36 2 3 3 1 1 1 1 1 1 1 1 1 1 1 1 1 1 1 1 1 1 1 1 1 1 1 1 1 1 1 1 1 1 1 1 1 
Case #831: -1
Case #832: 19 2 2 2 2 2 2 2 2 2 2 2 2 3 5 5 1 1 1 1 
Case #833: -1
Case #834: 22 2 2 2 2 2 2 2 2 2 2 2 2 2 2 2 2 2 3 1 1 1 1 
Case #835: 22 2 2 2 2 2 2 2 3 3 3 7 1 1 1 1 1 1 1 1 1 1 1 
Case #836: 36 2 2 2 2 2 1 1 1 1 1 1 1 1 1 1 1 1 1 1 1 1 1 1 1 1 1 1 1 1 1 1 1 1 1 1 1 
Case #837: 18 2 2 2 3 3 3 3 3 3 3 3 5 1 1 1 1 1 1 
Case #838: -1
Case #839: 20 2 2 2 3 3 3 3 3 5 5 1 1 1 1 1 1 1 1 1 1 
Case #840: 25 2 2 5 5 7 1 1 1 1 1 1 1 1 1 1 1 1 1 1 1 1 1 1 1 1 
Case #841: 27 2 2 2 2 2 2 3 3 3 3 1 1 1 1 1 1 1 1 1 1 1 1 1 1 1 1 1 
Case #842: 12 2 2 2 2 2 3 5 5 5 11 1 1 
Case #843: 26 2 2 2 2 2 2 2 2 2 7 1 1 1 1 1 1 1 1 1 1 1 1 1 1 1 1 
Case #844: 19 2 2 2 2 3 3 5 5 7 1 1 1 1 1 1 1 1 1 1 
Case #845: -1
Case #846: 24 2 3 3 3 3 5 5 1 1 1 1 1 1 1 1 1 1 1 1 1 1 1 1 1 
Case #847: -1
Case #848: 23 2 2 3 3 7 7 1 1 1 1 1 1 1 1 1 1 1 1 1 1 1 1 1 
Case #849: 25 2 2 2 2 5 5 5 1 1 1 1 1 1 1 1 1 1 1 1 1 1 1 1 1 1 
Case #850: 11 2 2 2 2 2 2 3 11 13 1 1 
Case #851: -1
Case #852: 34 2 2 2 3 3 1 1 1 1 1 1 1 1 1 1 1 1 1 1 1 1 1 1 1 1 1 1 1 1 1 1 1 1 1 
Case #853: 16 2 2 2 2 2 3 3 3 3 3 11 1 1 1 1 1 
Case #854: 22 2 2 2 3 3 5 5 5 1 1 1 1 1 1 1 1 1 1 1 1 1 1 
Case #855: 17 2 2 2 2 3 3 3 3 7 7 1 1 1 1 1 1 1 
Case #856: 16 2 2 2 2 2 2 2 3 5 5 5 5 1 1 1 1 
Case #857: 14 2 2 2 2 2 3 5 7 11 1 1 1 1 1 
Case #858: 10 2 2 2 3 11 17 1 1 1 1 
Case #859: 14 2 2 2 2 2 3 3 5 5 5 7 1 1 1 
Case #860: 18 2 2 2 3 3 5 13 1 1 1 1 1 1 1 1 1 1 1 
Case #861: -1
Case #862: 16 2 2 2 3 3 3 3 3 7 7 1 1 1 1 1 1 
Case #863: 23 2 2 2 2 3 3 11 1 1 1 1 1 1 1 1 1 1 1 1 1 1 1 1 
Case #864: 15 2 2 3 3 3 3 3 3 5 5 5 1 1 1 1 
Case #865: 16 2 2 2 2 2 2 2 2 2 3 3 7 7 1 1 1 
Case #866: 9 2 2 31 1 1 1 1 1 1 
Case #867: 15 2 2 2 2 2 2 2 2 2 2 3 5 11 1 1 
Case #868: 14 2 3 3 3 3 3 5 13 1 1 1 1 1 1 
Case #869: 16 2 2 2 2 2 3 3 3 5 5 7 1 1 1 1 1 
Case #870: 25 2 2 2 2 2 2 3 3 3 3 3 1 1 1 1 1 1 1 1 1 1 1 1 1 1 
Case #871: 23 2 2 2 2 2 2 2 2 3 3 7 1 1 1 1 1 1 1 1 1 1 1 1 
Case #872: 28 2 2 2 2 2 2 2 3 5 1 1 1 1 1 1 1 1 1 1 1 1 1 1 1 1 1 1 1 
Case #873: -1
Case #874: 19 2 2 2 2 3 3 3 7 7 1 1 1 1 1 1 1 1 1 1 
Case #875: 32 2 3 7 1 1 1 1 1 1 1 1 1 1 1 1 1 1 1 1 1 1 1 1 1 1 1 1 1 1 1 1 1 
Case #876: 18 2 2 2 2 2 3 7 11 1 1 1 1 1 1 1 1 1 1 
Case #877: 23 3 17 1 1 1 1 1 1 1 1 1 1 1 1 1 1 1 1 1 1 1 1 1 
Case #878: 9 2 2 2 2 3 5 23 1 1 
Case #879: 17 2 2 3 3 3 3 5 11 1 1 1 1 1 1 1 1 1 
Case #880: 21 2 2 2 2 3 5 11 1 1 1 1 1 1 1 1 1 1 1 1 1 1 
Case #881: 19 23 1 1 1 1 1 1 1 1 1 1 1 1 1 1 1 1 1 1 
Case #882: 10 2 3 3 5 5 19 1 1 1 1 
Case #883: 26 2 2 2 2 2 2 2 2 2 3 5 1 1 1 1 1 1 1 1 1 1 1 1 1 1 1 
Case #884: 18 2 2 2 2 2 2 2 2 2 2 2 2 2 3 5 5 1 1 
Case #885: 31 3 3 7 1 1 1 1 1 1 1 1 1 1 1 1 1 1 1 1 1 1 1 1 1 1 1 1 1 1 1 1 
Case #886: 33 2 2 3 3 3 1 1 1 1 1 1 1 1 1 1 1 1 1 1 1 1 1 1 1 1 1 1 1 1 1 1 1 1 
Case #887: 15 2 2 2 2 2 2 2 2 3 17 1 1 1 1 1 
Case #888: 28 2 2 2 3 3 3 3 3 1 1 1 1 1 1 1 1 1 1 1 1 1 1 1 1 1 1 1 1 
Case #889: -1
Case #890: 24 2 3 3 3 3 3 3 5 1 1 1 1 1 1 1 1 1 1 1 1 1 1 1 1 
Case #891: 25 2 2 2 2 2 2 2 2 3 7 1 1 1 1 1 1 1 1 1 1 1 1 1 1 1 
Case #892: 16 2 2 2 2 2 3 3 5 13 1 1 1 1 1 1 1 
Case #893: 10 2 3 3 3 5 11 11 1 1 1 
Case #894: 19 2 2 2 2 2 2 2 2 2 2 3 3 3 7 1 1 1 1 1 
Case #895: 20 2 2 2 2 2 2 2 2 2 3 3 3 3 5 1 1 1 1 1 1 
Case #896: -1
Case #897: 28 2 13 1 1 1 1 1 1 1 1 1 1 1 1 1 1 1 1 1 1 1 1 1 1 1 1 1 1 
Case #898: 13 2 2 2 2 3 3 5 17 1 1 1 1 1 
Case #899: 30 2 5 7 1 1 1 1 1 1 1 1 1 1 1 1 1 1 1 1 1 1 1 1 1 1 1 1 1 1 1 
Case #900: -1
Case #901: 20 2 3 3 3 3 3 3 3 3 5 1 1 1 1 1 1 1 1 1 1 
Case #902: 20 2 2 2 2 2 2 2 3 3 3 3 7 1 1 1 1 1 1 1 1 
Case #903: 20 2 2 2 3 3 3 5 5 5 1 1 1 1 1 1 1 1 1 1 1 
Case #904: 17 2 2 3 3 5 5 5 7 1 1 1 1 1 1 1 1 1 
Case #905: 29 3 3 3 7 1 1 1 1 1 1 1 1 1 1 1 1 1 1 1 1 1 1 1 1 1 1 1 1 1 
Case #906: 27 2 2 2 2 3 3 3 3 3 1 1 1 1 1 1 1 1 1 1 1 1 1 1 1 1 1 1 
Case #907: 13 2 2 2 2 2 2 3 5 5 7 7 1 1 
Case #908: 18 2 2 2 2 2 2 2 3 3 3 3 3 3 5 1 1 1 1 
Case #909: -1
Case #910: 17 2 2 2 2 2 2 7 7 7 1 1 1 1 1 1 1 1 
Case #911: -1
Case #912: 17 2 2 2 2 3 3 3 3 5 5 5 1 1 1 1 1 1 
Case #913: 24 2 2 2 2 2 2 2 5 7 1 1 1 1 1 1 1 1 1 1 1 1 1 1 1 
Case #914: -1
Case #915: -1
Case #916: -1
Case #917: 22 2 2 2 2 2 2 2 3 3 5 5 1 1 1 1 1 1 1 1 1 1 1 
Case #918: 18 2 2 2 3 5 5 5 7 1 1 1 1 1 1 1 1 1 1 
Case #919: 23 2 2 3 5 11 1 1 1 1 1 1 1 1 1 1 1 1 1 1 1 1 1 1 
Case #920: 21 2 2 2 2 3 3 3 3 3 7 1 1 1 1 1 1 1 1 1 1 1 
Case #921: 24 2 17 1 1 1 1 1 1 1 1 1 1 1 1 1 1 1 1 1 1 1 1 1 1 
Case #922: 22 2 3 17 1 1 1 1 1 1 1 1 1 1 1 1 1 1 1 1 1 1 1 
Case #923: 11 2 2 2 2 3 3 11 13 1 1 1 
Case #924: 23 2 2 2 2 2 2 2 2 2 2 3 3 3 3 1 1 1 1 1 1 1 1 1 
Case #925: 20 2 2 2 3 3 3 3 3 3 3 5 1 1 1 1 1 1 1 1 1 
Case #926: 26 2 3 3 3 3 3 3 3 1 1 1 1 1 1 1 1 1 1 1 1 1 1 1 1 1 1 
Case #927: 19 2 2 2 2 2 2 2 2 2 2 3 5 7 1 1 1 1 1 1 
Case #928: 11 2 2 3 3 7 19 1 1 1 1 1 
Case #929: -1
Case #930: 17 2 2 23 1 1 1 1 1 1 1 1 1 1 1 1 1 1 
Case #931: 15 2 2 2 2 3 3 5 5 11 1 1 1 1 1 1 
Case #932: -1
Case #933: 23 2 2 2 2 3 3 3 5 5 1 1 1 1 1 1 1 1 1 1 1 1 1 1 
Case #934: 17 2 2 2 2 2 2 2 2 3 3 13 1 1 1 1 1 1 
Case #935: -1
Case #936: 19 2 2 2 2 3 5 13 1 1 1 1 1 1 1 1 1 1 1 1 
Case #937: 20 2 2 2 3 3 3 3 5 7 1 1 1 1 1 1 1 1 1 1 1 
Case #938: 17 2 2 2 2 3 5 5 5 7 1 1 1 1 1 1 1 1 
Case #939: 27 2 2 2 2 3 3 7 1 1 1 1 1 1 1 1 1 1 1 1 1 1 1 1 1 1 1 1 
Case #940: 21 2 2 2 2 2 2 2 2 3 11 1 1 1 1 1 1 1 1 1 1 1 
Case #941: 36 2 2 2 3 1 1 1 1 1 1 1 1 1 1 1 1 1 1 1 1 1 1 1 1 1 1 1 1 1 1 1 1 1 1 1 1 
Case #942: 27 2 2 2 2 2 2 5 5 1 1 1 1 1 1 1 1 1 1 1 1 1 1 1 1 1 1 1 
Case #943: 29 2 2 3 3 3 5 1 1 1 1 1 1 1 1 1 1 1 1 1 1 1 1 1 1 1 1 1 1 1 
Case #944: 12 2 3 3 5 5 5 5 5 5 1 1 1 
Case #945: 23 2 2 2 2 2 2 2 2 2 2 2 2 2 2 2 2 3 1 1 1 1 1 1 
Case #946: 32 2 2 2 2 2 3 3 1 1 1 1 1 1 1 1 1 1 1 1 1 1 1 1 1 1 1 1 1 1 1 1 1 
Case #947: 17 2 2 2 2 3 19 1 1 1 1 1 1 1 1 1 1 1 
Case #948: 19 2 2 2 2 2 2 2 2 2 2 3 3 3 3 5 1 1 1 1 
Case #949: 28 2 2 2 2 2 2 2 2 2 3 3 1 1 1 1 1 1 1 1 1 1 1 1 1 1 1 1 1 
Case #950: -1
Case #951: 12 2 3 3 3 5 5 5 5 7 1 1 1 
Case #952: -1
Case #953: 13 2 2 3 3 5 5 5 11 1 1 1 1 1 
Case #954: 18 2 3 3 3 3 3 3 3 3 3 5 1 1 1 1 1 1 1 
Case #955: -1
Case #956: 22 2 2 2 2 2 2 2 2 2 3 3 3 3 3 1 1 1 1 1 1 1 1 
Case #957: 17 2 2 2 2 2 2 3 3 5 5 7 1 1 1 1 1 1 
Case #958: 19 2 2 2 2 3 7 11 1 1 1 1 1 1 1 1 1 1 1 1 
Case #959: 21 11 11 1 1 1 1 1 1 1 1 1 1 1 1 1 1 1 1 1 1 1 
Case #960: 27 2 2 2 2 2 2 2 2 2 2 3 3 1 1 1 1 1 1 1 1 1 1 1 1 1 1 1 
Case #961: -1
Case #962: 17 2 2 3 3 3 5 7 7 1 1 1 1 1 1 1 1 1 
Case #963: -1
Case #964: -1
Case #965: 21 2 2 2 2 2 2 2 2 2 2 3 5 5 1 1 1 1 1 1 1 1 
