105
197 100
96 99
128124448 100
2 99
99 100
1 3
59243198 88
1 2
894606664 83
876389147 87
3 3
198 100
114382 1
195 99
2 5
558689828 44
999999999 3
3 6
3 99
1000000000 1
3 1
199 99
3 5
9 3
1 100
692322617 52
1 73
3 100
2 2
1000000000 3
197550894 70
6 3
4 4
97 99
538816732 85
3 2
200 99
146755893 1
1 31
200 100
186260212 39
4 6
997184809 100
4 5
98 99
1000000000 40
202 100
201 100
101 99
100 99
1 1
999999999 99
4 9
99 99
4 7
100 100
6 2
101 100
5 1
417021999 1
968261572 81
999999999 2
670528042 10
98 100
5 2
7 3
289629644 32
4 3
999999999 100
236088977 100
313273513 69
1 10
102 100
999999999 1
412538846 2
138 6
203 100
4 8
1 99
197 99
4 2
2 3
201 99
103 100
199 100
1000000000 94
27387596 54
102 99
1000000000 99
1000000000 100
2 4
198 99
2 1
5 3
3 7
8 3
97 100
7 2
142120133 69
1000000000 2
196 99
4 1
3 4
593065517 43
2 100
