8616
1
3
7
9
11
13
17
19
21
23
27
29
31
33
37
39
41
43
47
49
51
53
57
59
61
63
67
69
71
73
77
79
81
83
87
89
91
93
97
99
101
103
107
109
111
113
117
119
121
123
127
129
131
133
137
139
141
143
147
149
151
153
157
159
161
163
167
169
171
173
177
179
181
183
187
189
191
193
197
199
201
203
207
209
211
213
217
219
221
223
227
229
231
233
237
239
241
243
247
249
251
253
257
259
261
263
267
269
271
273
277
279
281
283
287
289
291
293
297
299
301
303
307
309
311
313
317
319
321
323
327
329
331
333
337
339
341
343
347
349
351
353
357
359
361
363
367
369
371
373
377
379
381
383
387
389
391
393
397
399
401
403
407
409
411
413
417
419
421
423
427
429
431
433
437
439
441
443
447
449
451
453
457
459
461
463
467
469
471
473
477
479
481
483
487
489
491
493
497
499
501
503
507
509
511
513
517
519
521
523
527
529
531
533
537
539
541
543
547
549
551
553
557
559
561
563
567
569
571
573
577
579
581
583
587
589
591
593
597
599
601
603
607
609
611
613
617
619
621
623
627
629
631
633
637
639
641
643
647
649
651
653
657
659
661
663
667
669
671
673
677
679
681
683
687
689
691
693
697
699
701
703
707
709
711
713
717
719
721
723
727
729
731
733
737
739
741
743
747
749
751
753
757
759
761
763
767
769
771
773
777
779
781
783
787
789
791
793
797
799
801
803
807
809
811
813
817
819
821
823
827
829
831
833
837
839
841
843
847
849
851
853
857
859
861
863
867
869
871
873
877
879
881
883
887
889
891
893
897
899
901
903
907
909
911
913
917
919
921
923
927
929
931
933
937
939
941
943
947
949
951
953
957
959
961
963
967
969
971
973
977
979
981
983
987
989
991
993
997
999
1001
1003
1007
1009
1011
1013
1017
1019
1021
1023
1027
1029
1031
1033
1037
1039
1041
1043
1047
1049
1051
1053
1057
1059
1061
1063
1067
1069
1071
1073
1077
1079
1081
1083
1087
1089
1091
1093
1097
1099
1101
1103
1107
1109
1111
1113
1117
1119
1121
1123
1127
1129
1131
1133
1137
1139
1141
1143
1147
1149
1151
1153
1157
1159
1161
1163
1167
1169
1171
1173
1177
1179
1181
1183
1187
1189
1191
1193
1197
1199
1201
1203
1207
1209
1211
1213
1217
1219
1221
1223
1227
1229
1231
1233
1237
1239
1241
1243
1247
1249
1251
1253
1257
1259
1261
1263
1267
1269
1271
1273
1277
1279
1281
1283
1287
1289
1291
1293
1297
1299
1301
1303
1307
1309
1311
1313
1317
1319
1321
1323
1327
1329
1331
1333
1337
1339
1341
1343
1347
1349
1351
1353
1357
1359
1361
1363
1367
1369
1371
1373
1377
1379
1381
1383
1387
1389
1391
1393
1397
1399
1401
1403
1407
1409
1411
1413
1417
1419
1421
1423
1427
1429
1431
1433
1437
1439
1441
1443
1447
1449
1451
1453
1457
1459
1461
1463
1467
1469
1471
1473
1477
1479
1481
1483
1487
1489
1491
1493
1497
1499
1501
1503
1507
1509
1511
1513
1517
1519
1521
1523
1527
1529
1531
1533
1537
1539
1541
1543
1547
1549
1551
1553
1557
1559
1561
1563
1567
1569
1571
1573
1577
1579
1581
1583
1587
1589
1591
1593
1597
1599
1601
1603
1607
1609
1611
1613
1617
1619
1621
1623
1627
1629
1631
1633
1637
1639
1641
1643
1647
1649
1651
1653
1657
1659
1661
1663
1667
1669
1671
1673
1677
1679
1681
1683
1687
1689
1691
1693
1697
1699
1701
1703
1707
1709
1711
1713
1717
1719
1721
1723
1727
1729
1731
1733
1737
1739
1741
1743
1747
1749
1751
1753
1757
1759
1761
1763
1767
1769
1771
1773
1777
1779
1781
1783
1787
1789
1791
1793
1797
1799
1801
1803
1807
1809
1811
1813
1817
1819
1821
1823
1827
1829
1831
1833
1837
1839
1841
1843
1847
1849
1851
1853
1857
1859
1861
1863
1867
1869
1871
1873
1877
1879
1881
1883
1887
1889
1891
1893
1897
1899
1901
1903
1907
1909
1911
1913
1917
1919
1921
1923
1927
1929
1931
1933
1937
1939
1941
1943
1947
1949
1951
1953
1957
1959
1961
1963
1967
1969
1971
1973
1977
1979
1981
1983
1987
1989
1991
1993
1997
1999
2001
2003
2007
2009
2011
2013
2017
2019
2021
2023
2027
2029
2031
2033
2037
2039
2041
2043
2047
2049
2051
2053
2057
2059
2061
2063
2067
2069
2071
2073
2077
2079
2081
2083
2087
2089
2091
2093
2097
2099
2101
2103
2107
2109
2111
2113
2117
2119
2121
2123
2127
2129
2131
2133
2137
2139
2141
2143
2147
2149
2151
2153
2157
2159
2161
2163
2167
2169
2171
2173
2177
2179
2181
2183
2187
2189
2191
2193
2197
2199
2201
2203
2207
2209
2211
2213
2217
2219
2221
2223
2227
2229
2231
2233
2237
2239
2241
2243
2247
2249
2251
2253
2257
2259
2261
2263
2267
2269
2271
2273
2277
2279
2281
2283
2287
2289
2291
2293
2297
2299
2301
2303
2307
2309
2311
2313
2317
2319
2321
2323
2327
2329
2331
2333
2337
2339
2341
2343
2347
2349
2351
2353
2357
2359
2361
2363
2367
2369
2371
2373
2377
2379
2381
2383
2387
2389
2391
2393
2397
2399
2401
2403
2407
2409
2411
2413
2417
2419
2421
2423
2427
2429
2431
2433
2437
2439
2441
2443
2447
2449
2451
2453
2457
2459
2461
2463
2467
2469
2471
2473
2477
2479
2481
2483
2487
2489
2491
2493
2497
2499
2501
2503
2507
2509
2511
2513
2517
2519
2521
2523
2527
2529
2531
2533
2537
2539
2541
2543
2547
2549
2551
2553
2557
2559
2561
2563
2567
2569
2571
2573
2577
2579
2581
2583
2587
2589
2591
2593
2597
2599
2601
2603
2607
2609
2611
2613
2617
2619
2621
2623
2627
2629
2631
2633
2637
2639
2641
2643
2647
2649
2651
2653
2657
2659
2661
2663
2667
2669
2671
2673
2677
2679
2681
2683
2687
2689
2691
2693
2697
2699
2701
2703
2707
2709
2711
2713
2717
2719
2721
2723
2727
2729
2731
2733
2737
2739
2741
2743
2747
2749
2751
2753
2757
2759
2761
2763
2767
2769
2771
2773
2777
2779
2781
2783
2787
2789
2791
2793
2797
2799
2801
2803
2807
2809
2811
2813
2817
2819
2821
2823
2827
2829
2831
2833
2837
2839
2841
2843
2847
2849
2851
2853
2857
2859
2861
2863
2867
2869
2871
2873
2877
2879
2881
2883
2887
2889
2891
2893
2897
2899
2901
2903
2907
2909
2911
2913
2917
2919
2921
2923
2927
2929
2931
2933
2937
2939
2941
2943
2947
2949
2951
2953
2957
2959
2961
2963
2967
2969
2971
2973
2977
2979
2981
2983
2987
2989
2991
2993
2997
2999
3001
3003
3007
3009
3011
3013
3017
3019
3021
3023
3027
3029
3031
3033
3037
3039
3041
3043
3047
3049
3051
3053
3057
3059
3061
3063
3067
3069
3071
3073
3077
3079
3081
3083
3087
3089
3091
3093
3097
3099
3101
3103
3107
3109
3111
3113
3117
3119
3121
3123
3127
3129
3131
3133
3137
3139
3141
3143
3147
3149
3151
3153
3157
3159
3161
3163
3167
3169
3171
3173
3177
3179
3181
3183
3187
3189
3191
3193
3197
3199
3201
3203
3207
3209
3211
3213
3217
3219
3221
3223
3227
3229
3231
3233
3237
3239
3241
3243
3247
3249
3251
3253
3257
3259
3261
3263
3267
3269
3271
3273
3277
3279
3281
3283
3287
3289
3291
3293
3297
3299
3301
3303
3307
3309
3311
3313
3317
3319
3321
3323
3327
3329
3331
3337
3339
3341
3343
3347
3349
3351
3353
3357
3359
3361
3363
3367
3369
3371
3373
3377
3379
3381
3383
3387
3389
3391
3393
3397
3399
3401
3403
3407
3409
3411
3413
3417
3419
3421
3423
3427
3429
3431
3433
3437
3439
3441
3443
3447
3449
3451
3453
3457
3459
3461
3463
3467
3469
3471
3473
3477
3479
3481
3483
3487
3489
3491
3493
3497
3499
3501
3503
3507
3509
3511
3513
3517
3519
3521
3523
3527
3529
3531
3533
3537
3539
3541
3543
3547
3549
3551
3553
3557
3559
3561
3563
3567
3569
3571
3573
3577
3579
3581
3583
3587
3589
3591
3593
3597
3599
3601
3603
3607
3609
3611
3613
3617
3619
3621
3623
3627
3629
3631
3633
3637
3639
3641
3643
3647
3649
3651
3653
3657
3659
3661
3663
3667
3669
3671
3673
3677
3679
3681
3683
3687
3689
3691
3693
3697
3699
3701
3703
3707
3709
3711
3713
3717
3719
3721
3723
3727
3729
3731
3733
3737
3739
3741
3743
3747
3749
3751
3753
3757
3759
3761
3763
3767
3769
3771
3773
3777
3779
3781
3783
3787
3789
3791
3793
3797
3799
3801
3803
3807
3809
3811
3813
3817
3819
3821
3823
3827
3829
3831
3833
3837
3839
3841
3843
3847
3849
3851
3853
3857
3859
3861
3863
3867
3869
3871
3873
3877
3879
3881
3883
3887
3889
3891
3893
3897
3899
3901
3903
3907
3909
3911
3913
3917
3919
3921
3923
3927
3929
3931
3933
3937
3939
3941
3943
3947
3949
3951
3953
3957
3959
3961
3963
3967
3969
3971
3973
3977
3979
3981
3983
3987
3989
3991
3993
3997
3999
4001
4003
4007
4009
4011
4013
4017
4019
4021
4023
4027
4029
4031
4033
4037
4039
4041
4043
4047
4049
4051
4053
4057
4059
4061
4063
4067
4069
4071
4073
4077
4079
4081
4083
4087
4089
4091
4093
4097
4099
4101
4103
4107
4109
4111
4113
4117
4119
4121
4123
4127
4129
4131
4133
4137
4139
4141
4143
4147
4149
4151
4153
4157
4159
4161
4163
4167
4169
4171
4173
4177
4179
4181
4183
4187
4189
4191
4193
4197
4199
4201
4203
4207
4209
4211
4213
4217
4219
4221
4223
4227
4229
4231
4233
4237
4239
4241
4243
4247
4249
4251
4253
4257
4259
4261
4263
4267
4269
4271
4273
4277
4279
4281
4283
4287
4289
4291
4293
4297
4299
4301
4303
4307
4309
4311
4313
4317
4319
4321
4323
4327
4329
4331
4333
4337
4339
4341
4343
4347
4349
4351
4353
4357
4359
4361
4363
4367
4369
4371
4373
4377
4379
4381
4383
4387
4389
4391
4393
4397
4399
4401
4403
4407
4409
4411
4413
4417
4419
4421
4423
4427
4429
4431
4433
4437
4439
4441
4443
4447
4449
4451
4453
4457
4459
4461
4463
4467
4469
4471
4473
4477
4479
4481
4483
4487
4489
4491
4493
4497
4499
4501
4503
4507
4509
4511
4513
4517
4519
4521
4523
4527
4529
4531
4533
4537
4539
4541
4543
4547
4549
4551
4553
4557
4559
4561
4563
4567
4569
4571
4573
4577
4579
4581
4583
4587
4589
4591
4593
4597
4599
4601
4603
4607
4609
4611
4613
4617
4619
4621
4623
4627
4629
4631
4633
4637
4639
4641
4643
4647
4649
4651
4653
4657
4659
4661
4663
4667
4669
4671
4673
4677
4679
4681
4683
4687
4689
4691
4693
4697
4699
4701
4703
4707
4709
4711
4713
4717
4719
4721
4723
4727
4729
4731
4733
4737
4739
4741
4743
4747
4749
4751
4753
4757
4759
4761
4763
4767
4769
4771
4773
4777
4779
4781
4783
4787
4789
4791
4793
4797
4799
4801
4803
4807
4809
4811
4813
4817
4819
4821
4823
4827
4829
4831
4833
4837
4839
4841
4843
4847
4849
4851
4853
4857
4859
4861
4863
4867
4869
4871
4873
4877
4879
4881
4883
4887
4889
4891
4893
4897
4899
4901
4903
4907
4909
4911
4913
4917
4919
4921
4923
4927
4929
4931
4933
4937
4939
4941
4943
4947
4949
4951
4953
4957
4959
4961
4963
4967
4969
4971
4973
4977
4979
4981
4983
4987
4989
4991
4993
4997
4999
5001
5003
5007
5009
5011
5013
5017
5019
5021
5023
5027
5029
5031
5033
5037
5039
5041
5043
5047
5049
5051
5053
5057
5059
5061
5063
5067
5069
5071
5073
5077
5079
5081
5083
5087
5089
5091
5093
5097
5099
5101
5103
5107
5109
5111
5113
5117
5119
5121
5123
5127
5129
5131
5133
5137
5139
5141
5143
5147
5149
5151
5153
5157
5159
5161
5163
5167
5169
5171
5173
5177
5179
5181
5183
5187
5189
5191
5193
5197
5199
5201
5203
5207
5209
5211
5213
5217
5219
5221
5223
5227
5229
5231
5233
5237
5239
5241
5243
5247
5249
5251
5253
5257
5259
5261
5263
5267
5269
5271
5273
5277
5279
5281
5283
5287
5289
5291
5293
5297
5299
5301
5303
5307
5309
5311
5313
5317
5319
5321
5323
5327
5329
5331
5333
5337
5339
5341
5343
5347
5349
5351
5353
5357
5359
5361
5363
5367
5369
5371
5373
5377
5379
5381
5383
5387
5389
5391
5393
5397
5399
5401
5403
5407
5409
5411
5413
5417
5419
5421
5423
5427
5429
5431
5433
5437
5439
5441
5443
5447
5449
5451
5453
5457
5459
5461
5463
5467
5469
5471
5473
5477
5479
5481
5483
5487
5489
5491
5493
5497
5499
5501
5503
5507
5509
5511
5513
5517
5519
5521
5523
5527
5529
5531
5533
5537
5539
5541
5543
5547
5549
5551
5553
5557
5559
5561
5563
5567
5569
5571
5573
5577
5579
5581
5583
5587
5589
5591
5593
5597
5599
5601
5603
5607
5609
5611
5613
5617
5619
5621
5623
5627
5629
5631
5633
5637
5639
5641
5643
5647
5649
5651
5653
5657
5659
5661
5663
5667
5669
5671
5673
5677
5679
5681
5683
5687
5689
5691
5693
5697
5699
5701
5703
5707
5709
5711
5713
5717
5719
5721
5723
5727
5729
5731
5733
5737
5739
5741
5743
5747
5749
5751
5753
5757
5759
5761
5763
5767
5769
5771
5773
5777
5779
5781
5783
5787
5789
5791
5793
5797
5799
5801
5803
5807
5809
5811
5813
5817
5819
5821
5823
5827
5829
5831
5833
5837
5839
5841
5843
5847
5849
5851
5853
5857
5859
5861
5863
5867
5869
5871
5873
5877
5879
5881
5883
5887
5889
5891
5893
5897
5899
5901
5903
5907
5909
5911
5913
5917
5919
5921
5923
5927
5929
5931
5933
5937
5939
5941
5943
5947
5949
5951
5953
5957
5959
5961
5963
5967
5969
5971
5973
5977
5979
5981
5983
5987
5989
5991
5993
5997
5999
6001
6003
6007
6009
6011
6013
6017
6019
6021
6023
6027
6029
6031
6033
6037
6039
6041
6043
6047
6049
6051
6053
6057
6059
6061
6063
6067
6069
6071
6073
6077
6079
6081
6083
6087
6089
6091
6093
6097
6099
6101
6103
6107
6109
6111
6113
6117
6119
6121
6123
6127
6129
6131
6133
6137
6139
6141
6143
6147
6149
6151
6153
6157
6159
6161
6163
6167
6169
6171
6173
6177
6179
6181
6183
6187
6189
6191
6193
6197
6199
6201
6203
6207
6209
6211
6213
6217
6219
6221
6223
6227
6229
6231
6233
6237
6239
6241
6243
6247
6249
6251
6253
6257
6259
6261
6263
6267
6269
6271
6273
6277
6279
6281
6283
6287
6289
6291
6293
6297
6299
6301
6303
6307
6309
6311
6313
6317
6319
6321
6323
6327
6329
6331
6333
6337
6339
6341
6343
6347
6349
6351
6353
6357
6359
6361
6363
6367
6369
6371
6373
6377
6379
6381
6383
6387
6389
6391
6393
6397
6399
6401
6403
6407
6409
6411
6413
6417
6419
6421
6423
6427
6429
6431
6433
6437
6439
6441
6443
6447
6449
6451
6453
6457
6459
6461
6463
6467
6469
6471
6473
6477
6479
6481
6483
6487
6489
6491
6493
6497
6499
6501
6503
6507
6509
6511
6513
6517
6519
6521
6523
6527
6529
6531
6533
6537
6539
6541
6543
6547
6549
6551
6553
6557
6559
6561
6563
6567
6569
6571
6573
6577
6579
6581
6583
6587
6589
6591
6593
6597
6599
6601
6603
6607
6609
6611
6613
6617
6619
6621
6623
6627
6629
6631
6633
6637
6639
6641
6643
6647
6649
6651
6653
6657
6659
6661
6663
6667
6669
6671
6673
6677
6679
6681
6683
6687
6689
6691
6693
6697
6699
6701
6703
6707
6709
6711
6713
6717
6719
6721
6723
6727
6729
6731
6733
6737
6739
6741
6743
6747
6749
6751
6753
6757
6759
6761
6763
6767
6769
6771
6773
6777
6779
6781
6783
6787
6789
6791
6793
6797
6799
6801
6803
6807
6809
6811
6813
6817
6819
6821
6823
6827
6829
6831
6833
6837
6839
6841
6843
6847
6849
6851
6853
6857
6859
6861
6863
6867
6869
6871
6873
6877
6879
6881
6883
6887
6889
6891
6893
6897
6899
6901
6903
6907
6909
6911
6913
6917
6919
6921
6923
6927
6929
6931
6933
6937
6939
6941
6943
6947
6949
6951
6953
6957
6959
6961
6963
6967
6969
6971
6973
6977
6979
6981
6983
6987
6989
6991
6993
6997
6999
7001
7003
7007
7009
7011
7013
7017
7019
7021
7023
7027
7029
7031
7033
7037
7039
7041
7043
7047
7049
7051
7053
7057
7059
7061
7063
7067
7069
7071
7073
7077
7079
7081
7083
7087
7089
7091
7093
7097
7099
7101
7103
7107
7109
7111
7113
7117
7119
7121
7123
7127
7129
7131
7133
7137
7139
7141
7143
7147
7149
7151
7153
7157
7159
7161
7163
7167
7169
7171
7173
7177
7179
7181
7183
7187
7189
7191
7193
7197
7199
7201
7203
7207
7209
7211
7213
7217
7219
7221
7223
7227
7229
7231
7233
7237
7239
7241
7243
7247
7249
7251
7253
7257
7259
7261
7263
7267
7269
7271
7273
7277
7279
7281
7283
7287
7289
7291
7293
7297
7299
7301
7303
7307
7309
7311
7313
7317
7319
7321
7323
7327
7329
7331
7333
7337
7339
7341
7343
7347
7349
7351
7353
7357
7359
7361
7363
7367
7369
7371
7373
7377
7379
7381
7383
7387
7389
7391
7393
7397
7399
7401
7403
7407
7409
7411
7413
7417
7419
7421
7423
7427
7429
7431
7433
7437
7439
7441
7443
7447
7449
7451
7453
7457
7459
7461
7463
7467
7469
7471
7473
7477
7479
7481
7483
7487
7489
7491
7493
7497
7499
7501
7503
7507
7509
7511
7513
7517
7519
7521
7523
7527
7529
7531
7533
7537
7539
7541
7543
7547
7549
7551
7553
7557
7559
7561
7563
7567
7569
7571
7573
7577
7579
7581
7583
7587
7589
7591
7593
7597
7599
7601
7603
7607
7609
7611
7613
7617
7619
7621
7623
7627
7629
7631
7633
7637
7639
7641
7643
7647
7649
7651
7653
7657
7659
7661
7663
7667
7669
7671
7673
7677
7679
7681
7683
7687
7689
7691
7693
7697
7699
7701
7703
7707
7709
7711
7713
7717
7719
7721
7723
7727
7729
7731
7733
7737
7739
7741
7743
7747
7749
7751
7753
7757
7759
7761
7763
7767
7769
7771
7773
7777
7779
7781
7783
7787
7789
7791
7793
7797
7799
7801
7803
7807
7809
7811
7813
7817
7819
7821
7823
7827
7829
7831
7833
7837
7839
7841
7843
7847
7849
7851
7853
7857
7859
7861
7863
7867
7869
7871
7873
7877
7879
7881
7883
7887
7889
7891
7893
7897
7899
7901
7903
7907
7909
7911
7913
7917
7919
7921
7923
7927
7929
7931
7933
7937
7939
7941
7943
7947
7949
7951
7953
7957
7959
7961
7963
7967
7969
7971
7973
7977
7979
7981
7983
7987
7989
7991
7993
7997
7999
8001
8003
8007
8009
8011
8013
8017
8019
8021
8023
8027
8029
8031
8033
8037
8039
8041
8043
8047
8049
8051
8053
8057
8059
8061
8063
8067
8069
8071
8073
8077
8079
8081
8083
8087
8089
8091
8093
8097
8099
8101
8103
8107
8109
8111
8113
8117
8119
8121
8123
8127
8129
8131
8133
8137
8139
8141
8143
8147
8149
8151
8153
8157
8159
8161
8163
8167
8169
8171
8173
8177
8179
8181
8183
8187
8189
8191
8193
8197
8199
8201
8203
8207
8209
8211
8213
8217
8219
8221
8223
8227
8229
8231
8233
8237
8239
8241
8243
8247
8249
8251
8253
8257
8259
8261
8263
8267
8269
8271
8273
8277
8279
8281
8283
8287
8289
8291
8293
8297
8299
8301
8303
8307
8309
8311
8313
8317
8319
8321
8323
8327
8329
8331
8333
8337
8339
8341
8343
8347
8349
8351
8353
8357
8359
8361
8363
8367
8369
8371
8373
8377
8379
8381
8383
8387
8389
8391
8393
8397
8399
8401
8403
8407
8409
8411
8413
8417
8419
8421
8423
8427
8429
8431
8433
8437
8439
8441
8443
8447
8449
8451
8453
8457
8459
8461
8463
8467
8469
8471
8473
8477
8479
8481
8483
8487
8489
8491
8493
8497
8499
8501
8503
8507
8509
8511
8513
8517
8519
8521
8523
8527
8529
8531
8533
8537
8539
8541
8543
8547
8549
8551
8553
8557
8559
8561
8563
8567
8569
8571
8573
8577
8579
8581
8583
8587
8589
8591
8593
8597
8599
8601
8603
8607
8609
8611
8613
8617
8619
8621
8623
8627
8629
8631
8633
8637
8639
8641
8643
8647
8649
8651
8653
8657
8659
8661
8663
8667
8669
8671
8673
8677
8679
8681
8683
8687
8689
8691
8693
8697
8699
8701
8703
8707
8709
8711
8713
8717
8719
8721
8723
8727
8729
8731
8733
8737
8739
8741
8743
8747
8749
8751
8753
8757
8759
8761
8763
8767
8769
8771
8773
8777
8779
8781
8783
8787
8789
8791
8793
8797
8799
8801
8803
8807
8809
8811
8813
8817
8819
8821
8823
8827
8829
8831
8833
8837
8839
8841
8843
8847
8849
8851
8853
8857
8859
8861
8863
8867
8869
8871
8873
8877
8879
8881
8883
8887
8889
8891
8893
8897
8899
8901
8903
8907
8909
8911
8913
8917
8919
8921
8923
8927
8929
8931
8933
8937
8939
8941
8943
8947
8949
8951
8953
8957
8959
8961
8963
8967
8969
8971
8973
8977
8979
8981
8983
8987
8989
8991
8993
8997
8999
9001
9003
9007
9009
9011
9013
9017
9019
9021
9023
9027
9029
9031
9033
9037
9039
9041
9043
9047
9049
9051
9053
9057
9059
9061
9063
9067
9069
9071
9073
9077
9079
9081
9083
9087
9089
9091
9093
9097
9099
9101
9103
9107
9109
9111
9113
9117
9119
9121
9123
9127
9129
9131
9133
9137
9139
9141
9143
9147
9149
9151
9153
9157
9159
9161
9163
9167
9169
9171
9173
9177
9179
9181
9183
9187
9189
9191
9193
9197
9199
9201
9203
9207
9209
9211
9213
9217
9219
9221
9223
9227
9229
9231
9233
9237
9239
9241
9243
9247
9249
9251
9253
9257
9259
9261
9263
9267
9269
9271
9273
9277
9279
9281
9283
9287
9289
9291
9293
9297
9299
9301
9303
9307
9309
9311
9313
9317
9319
9321
9323
9327
9329
9331
9333
9337
9339
9341
9343
9347
9349
9351
9353
9357
9359
9361
9363
9367
9369
9371
9373
9377
9379
9381
9383
9387
9389
9391
9393
9397
9399
9401
9403
9407
9409
9411
9413
9417
9419
9421
9423
9427
9429
9431
9433
9437
9439
9441
9443
9447
9449
9451
9453
9457
9459
9461
9463
9467
9469
9471
9473
9477
9479
9481
9483
9487
9489
9491
9493
9497
9499
9501
9503
9507
9509
9511
9513
9517
9519
9521
9523
9527
9529
9531
9533
9537
9539
9541
9543
9547
9549
9551
9553
9557
9559
9561
9563
9567
9569
9571
9573
9577
9579
9581
9583
9587
9589
9591
9593
9597
9599
9601
9603
9607
9609
9611
9613
9617
9619
9621
9623
9627
9629
9631
9633
9637
9639
9641
9643
9647
9649
9651
9653
9657
9659
9661
9663
9667
9669
9671
9673
9677
9679
9681
9683
9687
9689
9691
9693
9697
9699
9701
9703
9707
9709
9711
9713
9717
9719
9721
9723
9727
9729
9731
9733
9737
9739
9741
9743
9747
9749
9751
9753
9757
9759
9761
9763
9767
9769
9771
9773
9777
9779
9781
9783
9787
9789
9791
9793
9797
9799
9801
9803
9807
9809
9811
9813
9817
9819
9821
9823
9827
9829
9831
9833
9837
9839
9841
9843
9847
9849
9851
9853
9857
9859
9861
9863
9867
9869
9871
9873
9877
9879
9881
9883
9887
9889
9891
9893
9897
9899
9901
9903
9907
9909
9911
9913
9917
9919
9921
9923
9927
9929
9931
9933
9937
9939
9941
9943
9947
9949
9951
9953
9957
9959
9961
9963
9967
9969
9971
9973
9977
9979
9981
9983
9987
9989
9991
9993
9997
10003
10007
10009
10011
10013
10017
10019
10021
10023
10027
10029
10031
10033
10037
10039
10041
10043
10047
10049
10051
10053
10057
10059
10061
10063
10067
10069
10071
10073
10077
10079
10081
10083
10087
10089
10091
10093
10097
10099
10103
10107
10109
10111
10113
10117
10119
10121
10123
10127
10129
10131
10133
10137
10139
10141
10143
10147
10149
10151
10153
10157
10159
10161
10163
10167
10169
10171
10173
10177
10179
10181
10183
10187
10189
10191
10193
10197
10199
10201
10203
10207
10209
10211
10213
10217
10219
10221
10223
10227
10229
10231
10233
10237
10239
10241
10243
10247
10249
10251
10253
10257
10259
10261
10263
10267
10269
10271
10273
10277
10279
10281
10283
10287
10289
10291
10293
10297
10299
10301
10303
10307
10309
10311
10313
10317
10319
10321
10323
10327
10329
10331
10333
10337
10339
10341
10343
10347
10349
10351
10353
10357
10359
10361
10363
10367
10369
10371
10373
10377
10379
10381
10383
10387
10389
10391
10393
10397
10399
10401
10403
10407
10409
10411
10413
10417
10419
10421
10423
10427
10429
10431
10433
10437
10439
10441
10443
10447
10449
10451
10453
10457
10459
10461
10463
10467
10469
10471
10473
10477
10479
10481
10483
10487
10489
10491
10493
10497
10499
10501
10503
10507
10509
10511
10513
10517
10519
10521
10523
10527
10529
10531
10533
10537
10539
10541
10543
10547
10549
10551
10553
10557
10559
10561
10563
10567
10569
10571
10573
10577
10579
10581
10583
10587
10589
10591
10593
10597
10599
10601
10603
10607
10609
10611
10613
10617
10619
10621
10623
10627
10629
10631
10633
10637
10639
10641
10643
10647
10649
10651
10653
10657
10659
10661
10663
10667
10669
10671
10673
10677
10679
10681
10683
10687
10689
10691
10693
10697
10699
10701
10703
10707
10709
10711
10713
10717
10719
10721
10723
10727
10729
10731
10733
10737
10739
10741
10743
10747
10749
10751
10753
10757
10759
10761
10763
10767
10769
10771
10773
10777
10779
10781
10783
10787
10789
10791
10793
10797
10799
10801
10803
10807
10809
10811
10813
10817
10819
10821
10823
10827
10829
10831
10833
10837
10839
10841
10843
10847
10849
10851
10853
10857
10859
10861
10863
10867
10869
10871
10873
10877
10879
10881
10883
10887
10889
10891
10893
10897
10899
10901
10903
10907
10909
10911
10913
10917
10919
10921
10923
10927
10929
10931
10933
10937
10939
10941
10943
10947
10949
10951
10953
10957
10959
10961
10963
10967
10969
10971
10973
10977
10979
10981
10983
10987
10989
10991
10993
10997
10999
11001
11003
11007
11009
11011
11013
11017
11019
11021
11023
11027
11029
11031
11033
11037
11039
11041
11043
11047
11049
11051
11053
11057
11059
11061
11063
11067
11069
11071
11073
11077
11079
11081
11083
11087
11089
11091
11093
11097
11099
11101
11103
11107
11109
11113
11117
11119
11121
11123
11127
11129
11131
11133
11137
11139
11141
11143
11147
11149
11151
11153
11157
11159
11161
11163
11167
11169
11171
11173
11177
11179
11181
11183
11187
11189
11191
11193
11197
11199
11201
11203
11207
11209
11211
11213
11217
11219
11221
11223
11227
11229
11231
11233
11237
11239
11241
11243
11247
11249
11251
11253
11257
11259
11261
11263
11267
11269
11271
11273
11277
11279
11281
11283
11287
11289
11291
11293
11297
11299
11301
11303
11307
11309
11311
11313
11317
11319
11321
11323
11327
11329
11331
11333
11337
11339
11341
11343
11347
11349
11351
11353
11357
11359
11361
11363
11367
11369
11371
11373
11377
11379
11381
11383
11387
11389
11391
11393
11397
11399
11401
11403
11407
11409
11411
11413
11417
11419
11421
11423
11427
11429
11431
11433
11437
11439
11441
11443
11447
11449
11451
11453
11457
11459
11461
11463
11467
11469
11471
11473
11477
11479
11481
11483
11487
11489
11491
11493
11497
11499
11501
11503
11507
11509
11511
11513
11517
11519
11521
11523
11527
11529
11531
11533
11537
11539
11541
11543
11547
11549
11551
11553
11557
11559
11561
11563
11567
11569
11571
11573
11577
11579
11581
11583
11587
11589
11591
11593
11597
11599
11601
11603
11607
11609
11611
11613
11617
11619
11621
11623
11627
11629
11631
11633
11637
11639
11641
11643
11647
11649
11651
11653
11657
11659
11661
11663
11669
11671
11673
11677
11679
11681
11683
11687
11689
11691
11693
11697
11699
11701
11703
11707
11709
11711
11713
11717
11719
11721
11723
11727
11729
11731
11733
11737
11739
11741
11743
11747
11749
11751
11753
11757
11759
11761
11763
11767
11769
11771
11773
11777
11779
11781
11783
11787
11789
11791
11793
11797
11799
11801
11803
11807
11809
11811
11813
11817
11819
11821
11823
11827
11829
11831
11833
11837
11839
11841
11843
11849
11851
11853
11857
11859
11861
11863
11867
11869
11871
11873
11877
11879
11881
11883
11887
11889
11891
11893
11897
11899
11901
11903
11907
11909
11911
11913
11917
11919
11921
11923
11927
11929
11931
11933
11937
11939
11941
11943
11947
11949
11951
11953
11957
11959
11961
11963
11967
11969
11971
11973
11977
11979
11981
11983
11987
11989
11991
11993
11997
11999
12001
12003
12007
12009
12011
12013
12017
12019
12021
12023
12027
12029
12031
12033
12037
12039
12041
12043
12047
12049
12051
12053
12057
12059
12061
12063
12067
12069
12071
12073
12077
12079
12081
12083
12087
12089
12091
12093
12097
12099
12101
12103
12107
12109
12111
12113
12117
12119
12121
12123
12127
12129
12131
12133
12137
12139
12141
12143
12147
12149
12151
12153
12157
12159
12161
12163
12167
12169
12171
12173
12177
12179
12181
12183
12187
12189
12191
12193
12197
12199
12201
12203
12207
12209
12211
12213
12217
12219
12221
12223
12227
12229
12231
12233
12237
12239
12241
12243
12247
12249
12251
12253
12257
12259
12261
12263
12267
12269
12271
12273
12277
12279
12281
12283
12287
12289
12291
12293
12297
12299
12301
12303
12307
12309
12311
12313
12317
12319
12321
12323
12327
12329
12331
12333
12337
12339
12341
12343
12347
12349
12351
12353
12357
12359
12361
12363
12367
12369
12371
12373
12377
12379
12381
12383
12387
12389
12391
12393
12397
12399
12401
12403
12407
12409
12411
12413
12417
12419
12421
12423
12427
12429
12431
12433
12437
12439
12441
12443
12447
12449
12451
12453
12457
12459
12461
12463
12467
12469
12471
12473
12477
12479
12481
12483
12487
12489
12491
12493
12497
12499
12501
12503
12507
12509
12511
12513
12517
12519
12521
12523
12527
12529
12531
12533
12537
12539
12541
12543
12547
12549
12551
12553
12557
12559
12561
12563
12567
12569
12571
12573
12577
12579
12581
12583
12587
12589
12591
12593
12597
12599
12601
12603
12607
12609
12611
12613
12617
12619
12621
12623
12627
12629
12631
12633
12637
12639
12641
12643
12647
12649
12651
12653
12657
12659
12661
12663
12667
12669
12671
12673
12677
12679
12681
12683
12687
12689
12691
12693
12697
12699
12701
12703
12707
12709
12711
12713
12717
12719
12721
12723
12727
12729
12731
12733
12737
12739
12741
12743
12747
12749
12751
12753
12757
12759
12761
12763
12767
12769
12771
12773
12777
12779
12781
12783
12787
12789
12791
12793
12797
12799
12801
12803
12807
12809
12811
12813
12817
12819
12821
12823
12827
12829
12831
12833
12837
12839
12841
12843
12847
12849
12851
12853
12857
12859
12861
12863
12867
12869
12871
12873
12877
12879
12881
12883
12887
12889
12891
12893
12897
12899
12901
12903
12907
12909
12911
12913
12917
12919
12921
12923
12927
12929
12931
12933
12937
12939
12941
12943
12947
12949
12951
12953
12957
12959
12961
12963
12967
12969
12971
12973
12977
12979
12981
12983
12987
12989
12991
12993
12997
13001
13003
13007
13009
13011
13013
13017
13019
13021
13023
13027
13029
13031
13033
13037
13039
13041
13043
13047
13049
13051
13053
13057
13059
13061
13063
13067
13069
13071
13073
13077
13079
13081
13083
13087
13089
13091
13093
13097
13099
13101
13103
13107
13109
13111
13113
13117
13119
13121
13123
13127
13129
13131
13133
13137
13139
13141
13143
13147
13149
13151
13153
13157
13159
13161
13163
13167
13169
13171
13173
13177
13179
13181
13183
13187
13189
13191
13193
13197
13199
13201
13203
13207
13209
13211
13213
13217
13219
13221
13223
13227
13229
13231
13233
13237
13239
13241
13243
13247
13249
13251
13253
13257
13259
13261
13263
13267
13269
13271
13273
13277
13279
13281
13283
13287
13289
13291
13293
13297
13299
13301
13303
13307
13309
13311
13313
13317
13319
13321
13323
13327
13329
13331
13333
13337
13339
13341
13343
13347
13349
13351
13353
13357
13359
13361
13363
13367
13369
13371
13373
13377
13379
13381
13383
13387
13389
13391
13393
13397
13399
13401
13403
13407
13409
13411
13413
13417
13419
13421
13423
13427
13429
13431
13433
13437
13439
13441
13443
13447
13449
13451
13453
13457
13459
13461
13463
13467
13469
13471
13473
13477
13479
13481
13483
13487
13489
13491
13493
13499
13501
13503
13507
13509
13511
13513
13517
13519
13521
13523
13527
13531
13533
13537
13539
13541
13543
13547
13549
13551
13553
13557
13559
13561
13563
13567
13569
13571
13573
13577
13579
13581
13583
13587
13591
13593
13597
13599
13601
13603
13607
13609
13611
13613
13617
13619
13621
13627
13629
13631
13633
13637
13639
13641
13643
13647
13649
13651
13653
13657
13659
13661
13663
13667
13669
13671
13673
13677
13679
13681
13683
13687
13689
13691
13693
13697
13699
13701
13703
13707
13709
13711
13713
13717
13719
13721
13723
13727
13729
13731
13733
13737
13739
13741
13743
13749
13751
13753
13757
13759
13761
13763
13767
13769
13771
13773
13777
13779
13781
13783
13787
13789
13791
13793
13797
13799
13801
13803
13807
13809
13811
13813
13817
13819
13821
13823
13827
13829
13831
13833
13837
13839
13841
13843
13847
13849
13851
13853
13857
13859
13863
13867
13869
13871
13873
13877
13879
13881
13883
13887
13889
13891
13893
13897
13901
13903
13907
13909
13911
13913
13917
13919
13921
13923
13927
13929
13931
13933
13937
13939
13941
13943
13947
13949
13951
13953
13957
13959
13961
13963
13967
13969
13971
13973
13977
13979
13981
13983
13987
13989
13991
13993
13997
13999
14001
14003
14007
14009
14011
14013
14017
14019
14023
14027
14029
14031
14033
14037
14039
14041
14043
14047
14049
14051
14053
14057
14059
14061
14063
14067
14069
14071
14073
14077
14079
14081
14083
14087
14089
14093
14097
14099
14101
14103
14107
14109
14111
14113
14117
14119
14121
14123
14127
14129
14131
14133
14137
14139
14141
14143
14147
14149
14151
14153
14157
14159
14161
14163
14167
14169
14171
14173
14177
14179
14181
14183
14189
14191
14193
14197
14199
14201
14203
14207
14209
14211
14213
14217
14219
14221
14223
14227
14229
14231
14237
14239
14241
14243
14247
14249
14251
14253
14257
14259
14261
14263
14267
14269
14273
14277
14279
14281
14283
14287
14289
14291
14293
14297
14299
14301
14303
14307
14309
14311
14313
14317
14319
14321
14323
14327
14329
14331
14333
14337
14339
14341
14343
14347
14351
14353
14357
14359
14361
14363
14367
14369
14371
14373
14377
14379
14381
14383
14387
14389
14391
14393
14397
14399
14401
14403
14407
14409
14411
14413
14417
14419
14421
14423
14427
14429
14431
14437
14439
14441
14443
14447
14449
14451
14453
14459
14461
14463
14467
14469
14471
14473
14477
14479
14481
14483
14489
14491
14493
14497
14499
14501
14503
14507
14509
14511
14513
14517
14519
14521
14523
14527
14529
14531
14533
14537
14539
14541
14543
14547
14549
14551
14553
14557
14559
14561
14563
14567
14569
14571
14573
14577
14579
14581
14583
14587
14589
14591
14593
14597
14599
14601
14603
14607
14609
14611
14613
14617
14619
14621
14623
14627
14629
14631
14633
14637
14639
14641
14643
14647
14649
14651
14653
14657
14659
14661
14663
14667
14669
14671
14673
14677
14679
14681
14683
14687
14689
14693
14697
14699
14701
14703
14707
14711
14713
14717
14719
14721
14723
14727
14729
14731
14733
14737
14739
14741
14743
14747
14749
14751
14753
14757
14759
14761
14763
14767
14769
14771
14773
14777
14779
14781
14783
14787
14789
14791
14793
14797
14799
14801
14803
14807
14809
14813
14817
14819
14821
14823
14827
14829
14831
14833
14837
14839
14841
14843
14847
14849
14851
14859
14861
14863
14867
14869
14871
14873
14877
14879
14881
14883
14887
14889
14891
14893
14897
14899
14903
14907
14909
14911
14913
14917
14919
14921
14923
14927
14929
14931
14933
14937
14939
14941
14943
14947
14949
14951
14953
14957
14961
14963
14967
14969
14971
14973
14977
14981
14983
14987
14989
14993
14999
15001
15003
15007
15011
15013
15017
15019
15021
15023
15027
15029
15031
15033
15037
15039
15041
15043
15047
15049
15051
15053
15057
15059
15061
15063
15069
15071
15073
15077
15079
15081
15083
15089
15091
15093
15097
15099
15101
15103
15107
15109
15111
15113
15117
15119
15121
15123
15127
15129
15131
15133
15137
15139
15143
15147
15149
15151
15153
15157
15159
15163
15167
15169
15171
15173
15177
15179
15181
15183
15187
15189
15191
15193
15197
15199
15201
15203
15207
15209
15213
15217
15219
15221
15223
15227
15229
15231
15233
15237
15241
15243
15247
15251
15253
15257
15259
15261
15263
15267
15269
15271
15273
15277
15279
15281
15283
15287
15289
15291
15293
15297
15299
15301
15307
15309
15311
15313
15317
15319
15321
15327
15329
15331
15333
15337
15341
15343
15347
15349
15351
15353
15357
15359
15361
15363
15367
15369
15371
15373
15377
15379
15381
15383
15389
15391
15393
15397
15399
15401
15403
15407
15409
15413
15417
15419
15421
15423
15427
15429
15431
15437
15439
15441
15443
15447
15449
15453
15457
15459
15461
15463
15467
15469
15471
15473
15477
15479
15481
15483
15489
15491
15493
15497
15499
15501
15507
15509
15511
15513
15517
15521
15527
15529
15531
15537
15539
15541
15543
15549
15551
15553
15557
15559
15561
15563
15567
15571
15577
15579
15581
15583
15587
15589
15591
15593
15597
15599
15601
15603
15607
15609
15611
15613
15617
15621
15623
15627
15629
15631
15633
15637
15641
15643
15647
15649
15651
15653
15657
15659
15661
15663
15667
15669
15671
15673
15677
15679
15681
15683
15687
15689
15691
15697
15701
15709
15711
15717
15719
15721
15723
15729
15731
15737
15739
15741
15743
15747
15749
15751
15753
15757
15759
15761
15763
15767
15769
15771
15773
15777
15783
15787
15789
15791
15793
15797
15803
15807
15809
15811
15813
15817
15819
15821
15827
15829
15831
15833
15837
15839
15841
15849
15851
15853
15859
15861
15863
15867
15869
15877
15879
15881
15883
15887
15891
15893
15897
15899
15901
15903
15907
15909
15911
15913
15917
15919
15921
15923
15929
15931
15933
15937
15939
15941
15943
15947
15949
15951
15953
15957
15959
15961
15963
15967
15969
15971
15973
15977
15979
15983
15987
15991
15993
15997
16007
16011
16013
16017
16019
16023
16027
16029
16031
16037
16039
16041
16043
16047
16053
16057
16061
16067
16069
16071
16073
16079
16083
16087
16089
16091
16093
16097
16099
16101
16103
16109
16113
16117
16119
16121
16123
16127
16129
16133
16137
16139
16141
16143
16147
16149
16151
16153
16157
16159
16161
16163
16167
16169
16171
16173
16177
16179
16183
16189
16191
16193
16197
16199
16201
16203
16207
16209
16211
16213
16217
16221
16223
16227
16229
16231
16233
16237
16239
16241
16243
16247
16249
16251
16253
16257
16259
16261
16263
16267
16269
16273
16277
16281
16283
16287
16289
16293
16297
16299
16301
16307
16313
16317
16319
16321
16323
16327
16329
16331
16333
16339
16341
16343
16347
16349
16351
16353
16359
16361
16363
16369
16371
16373
16379
16381
16387
16389
16391
16393
16397
16399
16403
16407
16411
16421
16423
16427
16429
16433
16439
16441
16443
16447
16449
16451
16453
16457
16461
16463
16469
16471
16477
16479
16481
16483
16489
16497
16499
16501
16503
16511
16519
16521
16529
16531
16533
16543
16547
16549
16551
16553
16557
16559
16561
16567
16569
16571
16573
16577
16579
16581
16583
16587
16589
16593
16597
16599
16601
16603
16607
16609
16617
16619
16621
16623
16627
16629
16631
16633
16637
16639
16641
16643
16651
16653
16657
16659
16661
16663
16667
16671
16673
16677
16679
16681
16683
16691
16697
16699
16701
16703
16709
16711
16713
16717
16719
16721
16723
16727
16729
16731
16739
16741
16747
16749
16751
16757
16761
16763
16767
16769
16771
16773
16777
16779
16781
16783
16787
16789
16799
16803
16809
16811
16819
16821
16823
16829
16831
16837
16839
16841
16843
16849
16851
16853
16857
16859
16861
16863
16867
16869
16871
16873
16877
16879
16883
16887
16889
16891
16893
16897
16901
16903
16907
16909
16911
16913
16917
16919
16921
16923
16929
16931
16933
16939
16941
16947
16949
16951
16953
16957
16961
16963
16967
16969
16971
16977
16979
16981
16983
16987
16991
16999
17001
17007
17009
17011
17019
17021
17023
17027
17033
17037
17039
17041
17049
17051
17053
17059
17061
17063
17069
17071
17073
17079
17081
17083
17087
17091
17093
17097
17099
17101
17103
17107
17109
17111
17113
17117
17119
17121
17123
17127
17129
17137
17139
17141
17143
17147
17151
17153
17157
17159
17161
17163
17167
17171
17173
17177
17179
17181
17187
17189
17191
17193
17199
17201
17203
17209
17211
17213
17217
17221
17223
17233
17237
17239
17241
17243
17247
17249
17251
17253
17257
17261
17263
17267
17269
17271
17273
17277
17279
17283
17289
17291
17293
17297
17299
17301
17303
17307
17311
17317
17319
17323
17327
17329
17331
17333
17337
17341
17343
17347
17351
17357
17359
17361
17363
17367
17369
17373
17377
17379
17383
17387
17389
17391
17393
17397
17399
17403
17407
17411
17413
17417
17419
17421
17429
17431
17433
17437
17439
17441
17443
17451
17459
17467
17469
17471
17473
17477
17479
17481
17483
17487
17491
17493
17497
17499
17501
17503
17519
17521
17523
17527
17533
17537
17541
17543
17553
17557
17559
17561
17563
17577
17579
17581
17583
17587
17593
17599
17609
17613
17617
17619
17621
17623
17631
17633
17641
17649
17651
17653
17657
17659
17661
17663
17667
17683
17701
17703
17709
17719
17721
17723
17737
17739
17741
17749
17753
17757
17759
17761
17763
17767
17769
17773
17779
17783
17791
17793
17797
17801
17803
17807
17809
17811
17813
17817
17821
17823
17827
17829
17831
17833
17837
17839
17843
17847
17849
17851
17857
17861
17863
17867
17869
17873
17879
17881
17883
17887
17889
17891
17893
17897
17899
17901
17903
17909
17913
17919
17927
17929
17931
17933
17937
17943
17951
17957
17959
17961
17963
17969
17971
17973
17977
17979
17981
17983
17987
17989
17991
17993
17997
17999
18001
18003
18007
18009
18019
18023
18027
18031
18037
18051
18053
18057
18059
18063
18069
18071
18073
18077
18081
18083
18087
18089
18091
18097
18099
18103
18107
18109
18111
18117
18119
18123
18127
18131
18141
18143
18153
18161
18167
18169
18171
18181
18189
18191
18193
18197
18199
18203
18207
18209
18211
18221
18223
18227
18239
18243
18257
18261
18263
18267
18269
18271
18277
18279
18281
18283
18289
18293
18297
18301
18307
18317
18321
18331
18333
18337
18339
18347
18349
18351
18353
18359
18369
18371
18373
18379
18387
18389
18391
18393
18397
18399
18409
18411
18423
18433
18437
18441
18443
18447
18449
18451
18457
18459
18463
18467
18469
18471
18477
18479
18481
18489
18491
18493
18497
18499
18501
18507
18513
18517
18529
18531
18533
18543
18549
18559
18567
18571
18577
18583
18587
18593
18599
18601
18603
18607
18621
18627
18629
18631
18637
18639
18641
18647
18649
18653
18657
18659
18663
18671
18673
18677
18681
18683
18691
18693
18703
18707
18709
18711
18713
18717
18723
18727
18729
18731
18737
18739
18747
18749
18761
18781
18783
18789
18791
18793
18801
18803
18811
18813
18819
18821
18827
18829
18833
18837
18839
18841
18849
18851
18857
18859
18863
18869
18873
18877
18883
18887
18891
18897
18901
18907
18909
18917
18919
18923
18927
18937
18941
18947
18949
18957
18959
18963
18967
18973
18977
18979
18981
18991
18999
19003
19009
19013
19017
19027
19039
19047
19053
19059
19061
19071
19081
19083
19087
19089
19093
19099
19103
19107
19111
19123
19139
19141
19143
19149
19151
19153
19159
19161
19179
19189
19193
19197
19203
19211
19213
19217
19219
19223
19227
19229
19233
19241
19247
19251
19253
19263
19267
19269
19271
19273
19277
19287
19293
19299
19303
19313
19319
19323
19327
19329
19341
19347
19351
19359
19361
19363
19367
19371
19373
19377
19379
19381
19389
19391
19397
19409
19411
19413
19423
19427
19429
19431
19433
19441
19449
19463
19467
19469
19471
19477
19479
19491
19493
19497
19503
19507
19509
19511
19517
19519
19521
19529
19531
19539
19541
19557
19561
19563
19571
19589
19593
19597
19601
19603
19607
19609
19611
19617
19623
19629
19637
19641
19643
19647
19651
19657
19659
19669
19671
19681
19683
19691
19693
19699
19701
19713
19717
19719
19727
19731
19733
19737
19763
19767
19769
19771
19773
19777
19787
19789
19791
19793
19809
19811
19817
19827
19849
19857
19863
19871
19877
19879
19881
19899
19901
19913
19917
19927
19929
19931
19933
19941
19943
19949
19953
19959
19963
19967
19971
19973
19983
19987
19989
19991
19993
19997
19999
20003
20007
20009
20017
20023
20029
20031
20043
20059
20061
20063
20067
20069
20073
20079
20097
20101
20113
20117
20119
20123
20133
20139
20141
20143
20151
20161
20169
20171
20187
20189
20191
20193
20197
20201
20203
20207
20209
20219
20223
20227
20239
20241
20253
20257
20259
20273
20277
20291
20297
20299
20303
20313
20317
20321
20331
20333
20341
20349
20353
20357
20359
20367
20371
20377
20381
20389
20401
20403
20409
20411
20413
20419
20421
20431
20439
20443
20449
20451
20453
20457
20469
20487
20493
20497
20501
20511
20513
20521
20529
20537
20539
20547
20549
20559
20571
20573
20583
20587
20593
20597
20599
20601
20611
20619
20637
20641
20647
20649
20651
20653
20657
20673
20687
20691
20697
20699
20709
20711
20713
20717
20727
20737
20741
20747
20763
20769
20771
20777
20781
20791
20797
20799
20807
20809
20813
20817
20819
20827
20831
20833
20849
20851
20853
20867
20869
20871
20889
20907
20913
20917
20923
20939
20943
20949
20951
20959
20961
20967
20969
20971
20979
20981
20997
21009
21017
21029
21031
21033
21047
21049
21051
21069
21071
21077
21083
21087
21109
21123
21141
21151
21157
21159
21161
21169
21171
21177
21201
21209
21213
21217
21223
21227
21231
21241
21249
21259
21267
21271
21277
21279
21283
21303
21313
21319
21321
21323
21329
21339
21341
21357
21359
21371
21379
21393
21409
21411
21421
21429
21433
21443
21447
21457
21467
21473
21481
21483
21489
21491
21493
21501
21503
21511
21519
21529
21533
21537
21539
21547
21553
21557
21561
21567
21569
21573
21583
21589
21591
21609
21613
21617
21619
21621
21627
21637
21647
21649
21657
21661
21663
21667
21681
21689
21691
21699
21701
21717
21733
21737
21739
21747
21753
21757
21771
21789
21801
21807
21811
21821
21837
21839
21843
21853
21861
21867
21873
21879
21883
21897
21933
21937
21951
21953
21969
21971
21987
22019
22023
22027
22031
22041
22043
22053
22059
22077
22091
22101
22103
22107
22113
22131
22137
22147
22149
22167
22177
22179
22183
22189
22203
22221
22239
22253
22257
22259
22269
22277
22279
22293
22307
22311
22329
22347
22357
22367
22381
22383
22399
22401
22413
22419
22427
22437
22439
22443
22451
22453
22457
22473
22479
22483
22489
22491
22509
22513
22527
22553
22557
22563
22567
22573
22581
22589
22593
22599
22613
22617
22619
22627
22641
22653
22659
22667
22671
22689
22707
22717
22719
22731
22743
22761
22771
22779
22797
22831
22833
22837
22851
22861
22869
22873
22887
22897
22919
22923
22941
22949
22953
22959
22977
22987
22989
23013
23031
23049
23059
23067
23091
23103
23119
23121
23139
23157
23179
23193
23211
23221
23229
23231
23247
23261
23271
23273
23283
23301
23303
23309
23319
23329
23337
23341
23373
23391
23409
23411
23413
23421
23427
23439
23449
23463
23473
23481
23499
23517
23521
23553
23561
23571
23573
23577
23589
23599
23601
23607
23611
23643
23659
23661
23679
23683
23697
23721
23731
23733
23749
23751
23769
23783
23787
23823
23827
23829
23847
23851
23859
23869
23877
23899
23913
23931
23949
23967
24003
24021
24031
24039
24057
24071
24083
24093
24097
24101
24111
24129
24141
24147
24173
24183
24189
24197
24201
24219
24233
24237
24267
24269
24273
24291
24309
24327
24363
24381
24393
24399
24417
24423
24453
24471
24473
24479
24489
24507
24521
24527
24539
24543
24551
24559
24561
24563
24579
24597
24603
24633
24649
24651
24669
24687
24723
24741
24747
24759
24769
24777
24831
24847
24849
24867
24891
24903
24921
24939
24953
24957
24959
24967
25011
25029
25047
25083
25101
25109
25117
25119
25137
25153
25173
25183
25191
25209
25227
25259
25263
25281
25283
25299
25311
25317
25343
25353
25371
25389
25407
25411
25443
25461
25473
25479
25497
25501
25533
25551
25569
25587
25623
25641
25659
25677
25681
25691
25713
25731
25749
25767
25803
25821
25827
25831
25839
25851
25857
25891
25893
25911
25929
25947
25963
25983
26001
26011
26019
26037
26073
26091
26109
26127
26161
26163
26181
26199
26217
26241
26253
26271
26289
26307
26343
26361
26379
26397
26419
26433
26451
26467
26469
26487
26489
26523
26541
26559
26577
26613
26621
26631
26649
26667
26697
26703
26721
26739
26757
26793
26811
26829
26863
26867
26883
26899
26901
26903
26919
26937
26961
26973
26991
27007
27009
27063
27081
27099
27101
27117
27153
27171
27189
27203
27207
27227
27243
27261
27279
27297
27333
27337
27351
27369
27387
27423
27459
27477
27481
27483
27507
27513
27531
27549
27567
27581
27603
27621
27639
27657
27659
27693
27711
27729
27747
27783
27801
27819
27829
27837
27873
27891
27897
27909
27927
27963
27981
27999
28053
28071
28089
28107
28137
28143
28151
28161
28179
28197
28233
28251
28267
28269
28283
28287
28323
28359
28377
28431
28449
28467
28503
28509
28521
28539
28557
28593
28629
28647
28673
28683
28701
28719
28737
28773
28791
28809
28827
28859
28863
28881
28899
28917
28953
28957
28971
28989
29043
29061
29079
29097
29151
29169
29187
29223
29241
29251
29259
29277
29313
29331
29349
29351
29359
29367
29403
29421
29439
29457
29493
29511
29541
29543
29547
29583
29601
29619
29637
29673
29691
29697
29709
29723
29727
29763
29781
29799
29817
29853
29871
29889
29903
29907
29943
29961
29979
30033
30051
30069
30083
30087
30123
30141
30159
30177
30213
30249
30267
30321
30339
30357
30447
30481
30483
30503
30519
30537
30573
30591
30609
30627
30663
30681
30699
30703
30753
30767
30771
30789
30843
30861
30879
30933
30951
30969
30987
31023
31059
31077
31113
31131
31189
31203
31221
31239
31257
31293
31311
31347
31383
31401
31419
31437
31491
31509
31527
31563
31581
31599
31617
31653
31659
31671
31689
31707
31743
31761
31779
31797
31833
31851
31869
31887
31941
31959
31977
32013
32049
32067
32121
32133
32139
32157
32193
32211
32229
32247
32283
32293
32301
32319
32337
32373
32409
32427
32463
32491
32517
32553
32571
32589
32597
32643
32661
32697
32751
32769
32823
32841
32859
32891
32913
32949
32967
33039
33057
33093
33111
33147
33183
33201
33291
33309
33357
33381
33399
33417
33453
33471
33489
33507
33543
33561
33579
33651
33669
33687
33777
33849
33867
33903
33921
33939
33957
34011
34029
34083
34101
34119
34191
34227
34263
34281
34299
34353
34371
34407
34443
34461
34479
34497
34531
34551
34569
34587
34623
34641
34707
34731
34749
34767
34803
34821
34839
34893
34911
34947
34983
34989
35037
35073
35127
35199
35217
35271
35307
35361
35379
35397
35433
35451
35469
35487
35559
35577
35613
35631
35649
35667
35703
35721
35739
35757
35793
35811
35829
35901
35919
35937
35973
35991
36063
36081
36099
36117
36153
36171
36189
36207
36243
36261
36297
36369
36387
36459
36477
36507
36513
36603
36657
36667
36693
36747
36801
36837
36891
36927
36963
36981
37053
37107
37161
37179
37323
37341
37359
37377
37449
37467
37503
37539
37557
37591
37683
37719
37737
37809
37863
37917
37989
38061
38079
38151
38169
38223
38241
38277
38313
38421
38439
38457
38511
38547
38601
38637
38673
38727
38763
38871
39033
39049
39051
39069
39159
39213
39249
39303
39321
39339
39393
39411
39447
39519
39537
39609
39627
39753
39771
39897
39933
40023
40077
40131
40149
40167
40221
40257
40293
40311
40329
40347
40419
40509
40653
40707
40923
40941
40977
41103
41193
41229
41247
41283
41391
41409
41481
41517
41553
41571
41589
41607
41643
41733
41769
41787
41859
41949
42021
42201
42219
42237
42471
42669
42741
42921
42939
43011
43029
43083
43119
43137
43191
43227
43389
43479
43551
43587
43623
43641
43677
43731
43749
43803
43893
43947
44019
44109
44217
44271
44289
44451
44523
44541
44667
44739
44757
44811
44919
45063
45081
45153
45351
45369
45459
45477
45513
45657
45693
45873
45891
45981
46287
46323
46359
46503
46791
46809
46847
46881
47187
47313
47421
47511
47547
47583
47871
48051
48069
48123
48249
48501
48537
48699
48789
48861
48951
49437
49671
49743
49869
50571
50661
50679
50931
50949
51003
51867
52677
52839
53379
53451
53919
54171
54369
54963
55107
55233
56043
56151
56727
57753
58113
58437
58473
58833
58887
59193
59301
60237
61461
61677
64683
64701
65619
67419
69363
70659
70803
77553
85527
